data/weather/current/current-temp-isobaric-1000hPa-gfs-1.0.json
{"header": {"discipline":0,"disciplineName":"Meteorological products","gribEdition":2,"gribLength":50801,"center":7,"centerName":"US National Weather Service - NCEP(WMC)","subcenter":0,"refTime":"2023-06-08T06:00:00.000Z","significanceOfRT":1,"significanceOfRTName":"Start of forecast","productStatus":0,"productStatusName":"Operational products","productType":1,"productTypeName":"Forecast products","productDefinitionTemplate":0,"productDefinitionTemplateName":"Analysis\/forecast at horizontal level\/layer at a point in time","parameterCategory":0,"parameterCategoryName":"Temperature","parameterNumber":0,"parameterNumberName":"Temperature","parameterUnit":"K","genProcessType":2,"genProcessTypeName":"Forecast","forecastTime":0,"surface1Type":1,"surface1TypeName":"Ground or water surface","surface1Value":0,"surface2Type":255,"surface2TypeName":"Missing","surface2Value":0,"gridDefinitionTemplate":0,"gridDefinitionTemplateName":"Latitude_Longitude","numberPoints":65160,"shape":6,"shapeName":"Earth spherical with radius of 6,371,229.0 m","gridUnits":"degrees","resolution":48,"winds":"true","scanMode":0,"nx":360,"ny":181,"basicAngle":0,"lo1":0,"la1":90,"lo2":359,"la2":-90,"dx":1,"dy":1}, "data":
[rows 28 to 55 of 181, columns 0 to 62 of 360]
282.8853,282.8853,282.5853,282.8853,282.6853,282.7853,281.2853,282.8853,279.8853,282.0853,280.9853,281.3853,283.2853,283.3853,283.0853,282.2853,283.7853,284.0853,280.9853,280.1853,279.6853,280.4853,279.8853,279.3853,278.7853,280.1853,282.1853,285.8853,287.7853,288.1853,285.8853,288.2853,287.9853,285.6853,287.2853,278.4853,282.6853,283.0853,280.9853,283.7853,286.7853,286.7853,285.3853,287.5853,288.7853,288.7853,286.5853,285.6853,285.5853,286.2853,286.9853,286.9853,287.0853,286.5853,285.5853,286.7853,286.1853,285.0853,285.8853,285.0853,287.3853,288.3853,288.8853
283.1853,282.8853,282.8853,282.5853,282.2853,283.1853,284.2853,281.5853,282.0853,284.6853,284.6853,284.8853,283.5853,282.9853,285.0853,283.9853,283.6853,285.2853,282.0853,280.7853,280.5853,281.0853,284.4853,286.7853,286.6853,285.8853,288.8853,289.3853,289.3853,288.4853,288.8853,278.3853,278.8853,287.0853,287.6853,287.6853,279.2853,286.4853,285.5853,285.6853,286.4853,287.0853,289.0853,287.7853,286.9853,286.8853,286.1853,285.7853,285.9853,286.6853,287.1853,286.6853,286.9853,285.4853,286.6853,286.2853,286.4853,284.5853,287.3853,285.3853,285.9853,288.9853,291.0853
283.3853,283.2853,283.3853,283.4853,283.1853,282.5853,283.4853,278.3853,287.0853,286.7853,286.2853,286.4853,286.6853,286.6853,286.7853,286.5853,287.4853,287.1853,287.7853,282.3853,283.1853,283.1853,283.3853,283.3853,287.8853,281.8853,281.3853,281.8853,283.8853,284.4853,288.3853,288.9853,288.6853,288.3853,288.1853,284.2853,287.0853,287.0853,282.9853,288.4853,287.5853,287.7853,287.1853,287.4853,286.3853,286.5853,286.8853,285.7853,286.8853,287.7853,287.7853,289.8853,288.4853,287.7853,286.2853,287.5853,288.0853,287.0853,286.7853,287.0853,291.6853,292.7853,293.5853
283.6853,283.6853,283.5853,283.7853,282.8853,281.8853,283.3853,288.4853,291.0853,288.7853,287.6853,287.8853,290.0853,284.5853,285.6853,290.8853,290.6853,292.1853,287.5853,284.2853,284.1853,284.1853,283.7853,284.2853,290.5853,288.6853,287.4853,288.3853,288.4853,289.0853,289.7853,289.5853,289.6853,289.7853,288.8853,288.7853,289.7853,290.5853,284.9853,289.1853,287.4853,287.3853,286.7853,286.8853,286.7853,286.2853,285.8853,285.5853,284.3853,284.3853,282.3853,282.0853,282.9853,282.9853,287.0853,288.5853,281.9853,286.9853,287.0853,286.3853,290.8853,290.8853,290.5853
284.3853,284.2853,283.6853,283.6853,283.4853,282.3853,281.9853,283.4853,285.2853,286.2853,287.0853,288.3853,291.1853,291.1853,290.7853,292.1853,293.0853,285.1853,285.0853,285.3853,284.8853,284.4853,284.9853,285.4853,285.1853,290.8853,289.7853,289.7853,287.1853,290.1853,290.3853,289.5853,290.1853,290.5853,291.0853,290.1853,290.1853,289.7853,288.4853,287.1853,287.3853,287.7853,286.9853,287.4853,287.5853,286.3853,287.0853,282.4853,282.1853,281.4853,282.1853,283.1853,281.7853,281.7853,280.7853,281.6853,283.8853,288.1853,288.1853,288.4853,290.8853,292.0853,291.8853
285.1853,284.7853,284.0853,283.5853,284.0853,284.2853,283.8853,283.7853,284.3853,286.0853,286.6853,288.5853,288.9853,291.1853,289.9853,293.4853,294.0853,284.8853,284.9853,285.3853,285.2853,285.0853,291.7853,291.5853,287.0853,292.4853,291.7853,291.7853,290.5853,291.9853,291.1853,291.8853,290.8853,292.0853,291.4853,289.9853,291.0853,290.3853,288.9853,287.9853,287.5853,288.3853,288.1853,287.9853,286.2853,285.4853,285.7853,283.9853,283.7853,284.5853,286.7853,285.0853,284.1853,286.1853,286.2853,283.3853,283.4853,289.8853,289.9853,289.8853,290.8853,292.2853,293.1853
285.0853,284.6853,284.4853,284.0853,284.3853,284.8853,284.9853,284.7853,284.6853,286.1853,286.7853,288.8853,288.8853,290.8853,292.5853,285.1853,284.9853,284.7853,284.5853,284.6853,284.9853,286.9853,291.7853,291.4853,292.1853,292.4853,293.9853,293.9853,293.5853,293.7853,292.2853,292.1853,292.5853,292.5853,290.7853,290.8853,291.1853,290.9853,291.3853,290.5853,289.6853,290.8853,290.9853,289.9853,288.9853,288.2853,288.5853,285.9853,288.5853,290.0853,289.1853,289.6853,288.5853,289.0853,285.1853,291.9853,291.8853,291.0853,291.5853,289.9853,290.5853,292.9853,294.0853
285.4853,284.9853,284.8853,284.7853,284.7853,285.2853,285.3853,285.0853,285.5853,285.7853,287.9853,288.8853,290.8853,287.7853,288.1853,286.7853,285.5853,285.6853,285.3853,285.7853,286.4853,286.9853,293.9853,293.0853,294.0853,293.9853,294.1853,292.3853,293.2853,292.5853,293.3853,292.2853,293.6853,293.0853,293.0853,294.6853,290.9853,287.9853,288.7853,292.6853,294.1853,295.5853,291.6853,287.0853,288.5853,290.1853,290.4853,290.4853,291.2853,285.8853,291.1853,291.1853,288.9853,291.7853,292.7853,293.6853,293.4853,292.8853,291.7853,290.0853,292.2853,294.9853,295.3853
283.9853,284.0853,284.5853,285.0853,285.3853,285.7853,286.0853,286.3853,285.5853,287.1853,287.2853,288.8853,291.6853,291.9853,292.6853,293.0853,293.1853,295.6853,297.2853,294.3853,294.8853,294.8853,294.2853,294.3853,294.2853,291.1853,290.1853,290.2853,291.8853,291.9853,291.3853,291.0853,291.4853,292.4853,291.7853,293.2853,294.2853,293.4853,293.0853,293.4853,293.9853,294.2853,293.3853,291.0853,293.0853,292.6853,288.0853,292.1853,293.4853,287.8853,294.0853,294.4853,294.0853,293.7853,293.1853,294.8853,294.8853,291.7853,290.7853,294.1853,296.2853,297.2853,295.9853
283.8853,285.2853,284.8853,284.7853,285.2853,287.2853,286.3853,286.4853,287.3853,286.5853,290.2853,290.9853,292.6853,293.7853,292.3853,293.6853,295.3853,294.8853,295.6853,295.4853,294.0853,293.1853,293.3853,290.6853,290.6853,290.7853,291.6853,290.8853,288.1853,288.7853,292.3853,292.6853,292.4853,291.9853,292.9853,293.3853,293.6853,293.8853,294.0853,294.5853,295.8853,293.9853,295.1853,290.3853,293.9853,294.0853,293.0853,289.3853,293.5853,296.1853,295.9853,296.5853,295.9853,295.8853,299.5853,299.4853,295.3853,292.3853,292.2853,298.2853,296.2853,298.3853,297.6853
282.2853,283.5853,285.2853,285.9853,287.0853,286.9853,286.5853,287.6853,289.3853,288.1853,287.6853,290.7853,290.8853,288.1853,291.8853,294.0853,295.3853,295.0853,295.3853,294.1853,292.0853,291.7853,290.7853,291.2853,291.6853,291.6853,290.2853,290.5853,288.9853,286.8853,287.1853,287.8853,287.6853,291.7853,287.3853,292.0853,292.7853,293.8853,294.2853,294.6853,295.7853,295.3853,294.8853,294.6853,292.0853,291.7853,294.1853,295.0853,293.9853,299.1853,298.8853,297.3853,291.4853,297.8853,298.5853,299.2853,297.0853,293.4853,296.8853,300.4853,300.4853,300.9853,299.7853
284.5853,286.2853,286.7853,288.1853,287.7853,287.8853,289.0853,290.1853,289.1853,288.2853,289.4853,290.5853,291.1853,291.5853,291.5853,291.4853,291.7853,292.9853,292.6853,291.2853,290.8853,288.2853,289.1853,289.4853,290.7853,288.1853,286.3853,286.2853,286.2853,286.7853,287.0853,286.8853,288.4853,289.0853,293.3853,291.9853,293.5853,295.2853,295.5853,294.9853,294.8853,295.5853,296.4853,294.9853,296.5853,294.3853,290.5853,296.0853,299.3853,299.1853,301.5853,305.3853,296.1853,303.2853,302.3853,301.2853,300.3853,296.6853,298.9853,302.1853,301.0853,302.3853,300.3853
286.2853,287.1853,287.7853,287.7853,288.0853,287.1853,288.4853,288.1853,289.8853,289.4853,286.5853,291.4853,289.9853,287.2853,289.9853,290.7853,290.8853,289.6853,290.1853,289.7853,287.6853,290.9853,292.1853,288.3853,287.1853,290.3853,285.8853,291.1853,288.1853,288.1853,288.9853,291.7853,289.0853,290.2853,290.3853,287.7853,291.9853,293.4853,288.3853,292.3853,295.0853,294.5853,298.5853,300.2853,298.9853,303.8853,301.9853,302.3853,302.2853,302.8853,303.7853,300.0853,302.6853,302.9853,304.6853,303.9853,301.1853,301.1853,300.9853,303.8853,304.2853,304.8853,305.3853
288.5853,287.6853,289.9853,288.7853,288.8853,289.8853,289.1853,289.3853,290.3853,290.6853,290.8853,290.7853,291.4853,289.3853,287.4853,289.0853,290.1853,290.9853,288.6853,288.9853,287.1853,290.6853,290.5853,288.5853,290.3853,291.6853,290.9853,289.0853,288.5853,290.8853,293.7853,295.1853,293.4853,296.2853,296.1853,294.5853,295.2853,293.1853,296.1853,295.5853,294.3853,296.7853,294.3853,298.5853,299.3853,289.8853,302.3853,305.2853,305.6853,305.8853,305.9853,307.3853,308.2853,307.8853,307.3853,306.6853,303.3853,302.4853,306.5853,307.0853,308.1853,307.1853,309.5853
288.7853,288.1853,289.2853,288.9853,289.3853,289.1853,289.0853,288.1853,288.9853,287.4853,289.1853,289.6853,289.4853,289.1853,289.1853,290.7853,289.5853,291.4853,292.6853,291.0853,290.4853,292.0853,292.8853,292.8853,290.9853,288.9853,292.5853,293.7853,294.3853,294.6853,295.8853,297.5853,297.4853,296.9853,297.2853,295.2853,294.7853,293.4853,293.0853,295.1853,295.3853,296.4853,300.5853,291.8853,298.2853,303.4853,302.8853,302.7853,306.9853,308.1853,308.6853,309.6853,310.1853,311.1853,308.2853,305.0853,304.1853,306.1853,307.1853,311.4853,311.7853,314.4853,313.2853
290.9853,290.8853,290.6853,290.5853,289.5853,289.9853,288.2853,288.5853,288.4853,285.8853,284.4853,279.6853,284.0853,283.7853,284.2853,287.1853,289.3853,291.4853,292.2853,293.4853,293.7853,292.5853,293.3853,291.5853,290.0853,287.7853,292.7853,292.8853,293.5853,294.7853,296.0853,296.8853,296.1853,295.4853,294.2853,293.7853,294.2853,294.2853,293.6853,293.7853,294.6853,295.9853,297.4853,299.7853,300.7853,304.7853,306.0853,307.2853,309.6853,308.9853,312.1853,307.5853,311.0853,314.4853,313.1853,309.7853,307.4853,310.7853,309.9853,310.0853,313.5853,314.8853,314.3853
291.1853,290.3853,290.4853,289.4853,289.3853,290.3853,287.5853,280.9853,283.0853,286.9853,285.3853,287.5853,288.8853,293.0853,288.1853,289.0853,291.2853,291.6853,292.7853,294.1853,293.7853,293.8853,290.9853,287.5853,291.8853,291.7853,290.6853,289.3853,294.4853,297.0853,296.5853,291.5853,291.0853,292.3853,296.8853,293.1853,292.1853,292.0853,293.5853,293.8853,293.7853,294.3853,295.1853,298.4853,302.0853,303.6853,307.3853,308.7853,308.3853,296.7853,296.6853,295.7853,295.6853,314.7853,313.7853,311.7853,309.0853,313.0853,313.3853,294.9853,292.2853,303.1853,313.7853
291.0853,289.3853,289.4853,285.5853,287.9853,291.0853,284.5853,282.7853,290.7853,291.0853,291.9853,292.7853,293.8853,294.8853,292.7853,289.7853,290.6853,291.4853,292.2853,292.7853,293.2853,292.6853,289.2853,290.9853,287.7853,287.5853,289.6853,294.7853,297.9853,295.8853,292.2853,290.9853,290.8853,290.5853,296.2853,294.0853,291.4853,292.9853,293.8853,294.5853,293.3853,294.1853,291.9853,293.5853,300.2853,305.7853,309.0853,313.2853,296.2853,295.3853,296.2853,303.0853,311.7853,314.4853,318.2853,312.9853,313.0853,314.8853,313.3853,293.2853,293.0853,290.3853,319.1853
291.1853,290.8853,289.7853,288.3853,292.1853,293.4853,289.6853,287.5853,290.5853,295.1853,294.8853,289.6853,290.8853,294.5853,295.4853,294.7853,293.4853,288.2853,288.7853,287.8853,289.1853,290.8853,288.9853,291.9853,292.3853,293.5853,293.3853,293.6853,294.5853,292.2853,291.2853,291.0853,291.5853,292.0853,291.6853,291.2853,291.8853,292.5853,293.5853,294.6853,292.6853,293.5853,291.6853,290.8853,294.5853,299.1853,303.0853,304.8853,294.6853,293.0853,292.7853,298.1853,311.7853,311.3853,313.9853,314.2853,313.4853,312.1853,311.2853,292.4853,292.6853,313.4853,324.1853
286.0853,289.4853,289.5853,293.3853,294.3853,294.2853,294.0853,294.2853,294.6853,294.6853,295.0853,292.4853,291.5853,289.4853,295.2853,295.2853,295.2853,294.7853,292.5853,287.8853,286.6853,289.7853,290.8853,288.8853,290.9853,292.4853,292.6853,292.3853,293.2853,291.8853,291.4853,291.6853,291.8853,291.8853,292.0853,291.6853,291.7853,293.2853,294.6853,295.8853,295.2853,296.4853,291.6853,282.9853,289.9853,290.9853,293.5853,300.3853,293.0853,292.0853,292.0853,292.1853,312.0853,311.4853,313.9853,312.6853,305.0853,305.7853,307.1853,315.3853,315.1853,320.1853,321.3853
291.4853,289.2853,289.9853,293.2853,294.1853,294.2853,294.7853,295.7853,295.0853,288.9853,294.9853,295.2853,295.7853,290.1853,288.1853,295.6853,295.2853,295.2853,295.3853,295.4853,290.4853,290.4853,294.9853,291.0853,287.3853,292.5853,293.6853,291.4853,293.5853,291.7853,292.1853,291.9853,291.9853,292.2853,291.6853,291.9853,291.5853,292.7853,293.8853,294.7853,294.4853,293.7853,298.4853,296.1853,291.9853,286.1853,286.0853,290.6853,296.6853,292.2853,292.4853,292.4853,292.1853,318.1853,314.0853,312.3853,308.8853,304.3853,317.9853,318.2853,318.6853,323.6853,324.5853
292.4853,294.3853,294.7853,295.0853,295.0853,295.1853,295.4853,295.3853,295.2853,293.1853,293.8853,295.0853,295.4853,295.8853,295.8853,292.1853,294.4853,296.5853,294.9853,295.1853,295.5853,292.7853,291.7853,295.5853,296.3853,294.6853,293.5853,293.3853,293.8853,293.4853,293.5853,295.1853,296.7853,295.8853,296.3853,296.0853,293.1853,293.8853,294.3853,294.3853,293.6853,292.9853,294.6853,290.6853,287.1853,286.8853,295.8853,295.0853,288.7853,292.5853,292.1853,292.6853,292.5853,307.1853,316.5853,312.6853,311.5853,301.7853,320.6853,320.7853,308.7853,320.7853,324.3853
293.9853,295.3853,295.7853,295.4853,295.6853,295.2853,295.4853,294.4853,294.5853,292.4853,294.1853,294.6853,295.2853,295.6853,295.5853,295.2853,290.6853,294.1853,294.4853,294.8853,294.1853,289.0853,293.2853,294.3853,296.6853,291.9853,292.0853,290.1853,291.2853,296.0853,295.9853,298.1853,298.9853,298.3853,298.3853,295.8853,297.9853,297.1853,295.0853,295.7853,296.3853,294.3853,295.7853,293.2853,305.3853,292.7853,285.7853,298.2853,306.1853,297.2853,294.5853,293.5853,293.0853,311.2853,314.7853,312.1853,303.7853,300.3853,303.0853,303.0853,321.2853,321.2853,323.4853
294.7853,295.1853,295.1853,295.1853,295.0853,294.4853,294.8853,294.9853,294.4853,293.9853,294.2853,294.5853,294.9853,295.0853,295.1853,295.2853,294.9853,295.1853,295.0853,295.3853,295.1853,297.2853,287.9853,294.7853,292.9853,292.3853,293.6853,297.8853,297.3853,295.7853,293.3853,297.5853,300.1853,299.8853,299.4853,299.1853,298.1853,296.8853,298.3853,297.5853,299.2853,294.9853,296.0853,300.0853,295.9853,304.4853,297.4853,292.8853,289.6853,296.6853,295.1853,294.5853,294.3853,294.4853,315.3853,313.8853,299.8853,305.5853,310.2853,318.0853,321.9853,325.4853,325.5853
294.9853,294.5853,294.3853,294.2853,294.5853,294.5853,294.3853,294.2853,294.0853,294.3853,293.7853,293.6853,293.5853,295.1853,292.5853,289.8853,293.5853,294.4853,295.0853,295.4853,294.9853,294.8853,288.1853,299.4853,296.7853,292.6853,293.1853,294.5853,294.6853,303.0853,298.1853,296.2853,296.0853,301.5853,302.7853,297.1853,299.4853,300.5853,301.6853,307.4853,307.1853,307.5853,307.6853,298.3853,296.9853,304.7853,305.1853,304.6853,286.0853,296.4853,296.4853,295.9853,295.8853,296.1853,299.0853,301.9853,300.2853,299.2853,313.6853,315.3853,315.1853,319.3853,322.3853
294.3853,293.8853,293.6853,293.3853,294.0853,293.8853,293.8853,294.0853,293.9853,293.1853,294.2853,293.7853,293.5853,293.2853,294.1853,294.4853,294.5853,294.4853,294.4853,294.7853,294.8853,295.0853,296.5853,293.2853,293.7853,293.3853,293.1853,294.0853,296.5853,297.5853,296.3853,303.8853,292.7853,300.8853,294.9853,308.7853,307.6853,308.2853,313.3853,314.2853,314.3853,314.2853,312.0853,312.9853,305.8853,296.7853,305.3853,298.4853,305.4853,287.9853,287.1853,296.7853,297.1853,297.4853,299.2853,305.1853,296.9853,313.3853,305.9853,307.7853,314.2853,316.5853,323.6853
293.4853,297.4853,295.4853,292.4853,292.7853,291.6853,293.5853,294.7853,294.4853,293.5853,294.6853,293.5853,293.5853,293.3853,293.4853,293.4853,294.1853,294.0853,294.3853,294.5853,294.3853,294.0853,293.8853,293.6853,293.9853,294.0853,294.1853,293.9853,294.9853,295.6853,295.5853,296.0853,296.1853,295.4853,296.1853,296.7853,301.7853,310.3853,309.7853,314.0853,312.4853,314.6853,314.8853,316.3853,316.0853,314.9853,301.1853,299.4853,307.3853,303.0853,306.3853,302.0853,294.3853,287.9853,306.0853,315.8853,302.3853,309.5853,315.2853,314.8853,318.6853,316.1853,319.7853
294.6853,294.1853,293.9853,295.6853,293.5853,296.1853,299.1853,293.7853,294.1853,296.7853,297.9853,296.0853,293.5853,293.2853,293.8853,293.7853,294.2853,294.0853,294.0853,293.6853,293.4853,293.4853,293.1853,293.5853,293.5853,297.9853,296.0853,294.2853,294.5853,294.9853,295.6853,295.4853,295.6853,305.5853,299.7853,296.3853,303.9853,310.0853,309.6853,309.8853,313.5853,313.4853,314.6853,318.8853,319.7853,320.0853,314.3853,298.5853,307.6853,310.2853,311.0853,318.5853,317.0853,318.9853,317.5853,314.8853,312.3853,319.6853,310.2853,318.8853,316.5853,316.5853,313.9853
