data/weather/current/current-temp-isobaric-1000hPa-gfs-1.0.json
{"header": {"discipline":0,"disciplineName":"Meteorological products","gribEdition":2,"gribLength":50801,"center":7,"centerName":"US National Weather Service - NCEP(WMC)","subcenter":0,"refTime":"2023-06-08T06:00:00.000Z","significanceOfRT":1,"significanceOfRTName":"Start of forecast","productStatus":0,"productStatusName":"Operational products","productType":1,"productTypeName":"Forecast products","productDefinitionTemplate":0,"productDefinitionTemplateName":"Analysis\/forecast at horizontal level\/layer at a point in time","parameterCategory":0,"parameterCategoryName":"Temperature","parameterNumber":0,"parameterNumberName":"Temperature","parameterUnit":"K","genProcessType":2,"genProcessTypeName":"Forecast","forecastTime":0,"surface1Type":1,"surface1TypeName":"Ground or water surface","surface1Value":0,"surface2Type":255,"surface2TypeName":"Missing","surface2Value":0,"gridDefinitionTemplate":0,"gridDefinitionTemplateName":"Latitude_Longitude","numberPoints":65160,"shape":6,"shapeName":"Earth spherical with radius of 6,371,229.0 m","gridUnits":"degrees","resolution":48,"winds":"true","scanMode":0,"nx":360,"ny":181,"basicAngle":0,"lo1":0,"la1":90,"lo2":359,"la2":-90,"dx":1,"dy":1}, "data":
[rows 56 to 83 of 181, columns 126 to 188 of 360]
291.6853,292.6853,293.2853,294.2853,293.1853,290.5853,289.9853,289.7853,288.3853,293.9853,290.0853,296.4853,296.7853,296.3853,296.3853,295.7853,294.5853,294.2853,295.0853,295.2853,295.2853,294.2853,293.8853,293.4853,293.3853,292.9853,292.8853,292.9853,293.2853,293.2853,293.0853,292.7853,292.8853,292.9853,292.9853,292.9853,292.9853,293.1853,293.6853,294.5853,294.7853,294.7853,294.4853,294.3853,294.5853,295.5853,295.9853,295.7853,295.0853,294.8853,294.7853,294.9853,295.0853,294.5853,294.5853,294.6853,294.5853,293.8853,293.8853,293.8853,293.7853,293.7853,293.5853
293.4853,294.6853,294.9853,294.1853,291.8853,288.6853,294.1853,289.5853,294.6853,295.6853,296.0853,297.1853,296.5853,296.0853,296.2853,295.5853,294.6853,295.0853,294.9853,295.8853,293.8853,293.4853,293.9853,293.8853,293.5853,293.5853,293.7853,293.7853,293.7853,293.7853,293.9853,294.5853,294.7853,295.1853,294.6853,294.6853,294.9853,295.5853,296.5853,297.1853,296.8853,296.5853,296.4853,296.6853,296.8853,297.2853,296.5853,296.7853,296.3853,295.7853,295.1853,295.8853,295.8853,295.2853,294.8853,295.1853,295.3853,294.7853,294.4853,295.0853,294.9853,294.6853,294.9853
294.0853,294.8853,296.5853,297.7853,296.0853,290.2853,296.9853,297.6853,295.9853,295.2853,295.5853,296.4853,297.0853,296.9853,296.7853,296.7853,295.0853,294.5853,294.5853,294.6853,294.9853,294.7853,294.6853,294.4853,294.8853,295.1853,295.2853,295.1853,294.7853,295.0853,295.6853,297.1853,297.0853,296.7853,297.2853,297.2853,297.3853,298.1853,298.4853,297.9853,297.4853,297.7853,297.8853,298.2853,298.3853,297.9853,297.7853,297.4853,297.1853,296.6853,295.9853,296.1853,297.4853,296.5853,296.0853,296.5853,296.9853,296.5853,295.9853,295.9853,295.5853,295.7853,295.6853
295.4853,295.3853,297.2853,298.6853,298.0853,297.1853,298.7853,298.1853,297.6853,296.4853,296.5853,297.2853,297.1853,297.7853,297.2853,296.3853,295.9853,295.8853,295.9853,295.9853,295.4853,296.1853,296.4853,295.7853,296.6853,297.0853,297.2853,296.5853,296.3853,297.0853,297.7853,298.5853,299.3853,298.8853,298.4853,298.9853,299.3853,299.6853,299.7853,299.4853,299.5853,299.0853,299.3853,298.8853,298.6853,298.7853,298.6853,298.6853,298.1853,297.8853,297.6853,297.6853,298.3853,297.6853,297.6853,297.3853,296.9853,296.4853,295.6853,295.6853,295.4853,295.5853,295.4853
295.2853,295.6853,297.7853,298.5853,299.3853,298.1853,298.8853,298.0853,297.4853,297.4853,297.6853,298.2853,298.0853,298.0853,297.2853,297.2853,297.1853,296.8853,296.7853,296.9853,297.7853,298.6853,298.8853,298.4853,298.5853,298.8853,298.9853,298.4853,298.5853,298.9853,299.7853,300.1853,300.0853,299.5853,299.4853,300.2853,300.7853,299.8853,300.2853,299.6853,299.7853,300.0853,299.9853,300.0853,299.2853,299.2853,299.3853,298.9853,299.1853,298.7853,298.6853,298.1853,298.7853,297.6853,297.3853,297.4853,296.9853,296.2853,295.6853,295.9853,295.7853,295.8853,295.5853
296.5853,298.3853,298.9853,298.6853,299.0853,298.9853,298.4853,298.3853,298.4853,297.9853,298.3853,298.4853,298.4853,297.7853,297.1853,297.7853,298.2853,298.3853,298.5853,298.8853,299.4853,300.7853,301.4853,300.1853,299.9853,301.0853,300.9853,300.1853,300.3853,300.1853,300.5853,300.5853,300.5853,300.2853,299.9853,299.9853,300.2853,300.5853,299.9853,299.9853,299.7853,299.9853,299.5853,299.4853,299.8853,299.2853,298.8853,299.2853,299.2853,298.7853,298.2853,298.3853,298.5853,298.3853,297.2853,297.3853,297.1853,296.5853,295.9853,296.2853,296.3853,296.6853,296.4853
298.3853,299.5853,298.2853,298.0853,298.6853,298.6853,298.3853,299.3853,299.1853,299.0853,299.2853,299.1853,299.1853,299.0853,299.5853,299.6853,299.1853,299.6853,300.3853,299.6853,301.2853,301.5853,301.3853,301.0853,301.3853,300.8853,300.7853,300.7853,300.6853,300.2853,300.6853,300.5853,300.6853,300.4853,300.2853,299.8853,299.9853,300.1853,299.9853,299.7853,299.6853,299.3853,299.1853,299.2853,299.2853,298.7853,298.9853,298.9853,298.9853,298.4853,298.3853,298.2853,298.2853,297.9853,297.6853,297.6853,297.8853,297.4853,296.7853,296.8853,296.8853,297.3853,297.1853
299.9853,299.2853,298.7853,298.8853,298.8853,298.9853,299.1853,300.2853,299.7853,300.0853,299.7853,299.6853,299.8853,301.0853,301.6853,300.7853,300.6853,300.5853,300.6853,300.8853,300.7853,301.0853,301.7853,301.4853,301.0853,300.3853,300.2853,300.8853,300.5853,300.1853,300.1853,300.4853,300.1853,300.3853,300.1853,299.6853,299.6853,299.7853,299.4853,299.6853,299.5853,299.7853,299.5853,299.2853,299.0853,299.1853,298.9853,298.7853,298.3853,298.3853,298.4853,298.2853,297.9853,297.8853,297.8853,297.9853,297.8853,298.1853,297.7853,297.4853,297.2853,297.3853,297.0853
300.2853,299.8853,299.8853,300.0853,299.4853,299.3853,299.9853,300.2853,300.6853,300.6853,300.4853,300.4853,300.6853,301.0853,301.7853,301.9853,301.1853,300.8853,301.2853,301.1853,300.5853,300.5853,301.5853,301.3853,300.8853,300.7853,300.5853,300.5853,300.5853,300.4853,300.1853,300.2853,300.3853,300.4853,300.2853,299.7853,299.6853,299.5853,299.5853,299.6853,299.8853,299.4853,299.1853,298.9853,299.0853,298.8853,298.5853,298.0853,298.1853,298.3853,298.9853,298.1853,298.0853,297.9853,298.0853,298.6853,298.6853,298.1853,297.6853,298.1853,297.9853,297.3853,297.0853
300.5853,300.5853,300.2853,300.2853,300.5853,300.6853,300.9853,301.2853,301.1853,301.0853,301.3853,301.5853,300.7853,301.4853,302.2853,302.1853,301.7853,300.9853,301.4853,301.1853,300.8853,301.2853,301.8853,301.4853,301.2853,300.9853,300.6853,300.5853,300.7853,300.0853,300.0853,300.0853,299.9853,300.2853,300.1853,300.1853,300.0853,300.1853,300.0853,299.8853,299.9853,299.1853,298.8853,299.0853,299.0853,298.5853,298.6853,298.4853,298.0853,298.5853,298.9853,298.6853,298.6853,298.0853,298.2853,298.7853,298.7853,298.1853,297.8853,298.3853,297.9853,297.6853,297.4853
300.5853,301.1853,300.8853,300.8853,300.7853,300.8853,300.6853,301.2853,300.5853,300.7853,301.3853,301.8853,300.9853,301.2853,301.5853,302.0853,301.8853,301.5853,301.7853,301.6853,301.5853,301.7853,301.7853,301.2853,301.0853,301.4853,301.5853,300.8853,300.3853,300.0853,300.4853,300.6853,300.6853,300.4853,300.2853,300.0853,300.1853,299.8853,299.8853,300.0853,299.7853,299.7853,299.4853,299.4853,299.1853,298.8853,299.0853,299.5853,299.0853,298.4853,298.5853,298.9853,298.8853,298.5853,298.8853,298.3853,298.3853,298.0853,298.0853,298.2853,297.9853,298.0853,298.2853
301.3853,301.4853,301.1853,300.9853,300.5853,300.8853,300.8853,301.2853,301.4853,301.7853,302.0853,302.0853,301.5853,301.1853,301.7853,302.2853,302.1853,301.8853,301.8853,301.9853,301.7853,301.7853,301.4853,301.4853,301.3853,301.3853,300.9853,300.4853,300.3853,300.4853,300.4853,300.8853,300.2853,300.1853,300.3853,299.9853,299.8853,299.6853,299.6853,299.9853,299.8853,299.8853,299.7853,299.8853,299.4853,299.1853,299.3853,299.4853,299.3853,299.0853,298.4853,298.8853,298.6853,298.4853,298.9853,298.2853,298.1853,298.2853,298.2853,298.4853,298.6853,298.7853,298.8853
301.7853,301.1853,301.0853,300.9853,300.8853,301.0853,300.9853,301.1853,301.4853,301.7853,301.7853,301.6853,301.3853,301.6853,301.9853,302.1853,301.9853,301.8853,302.0853,302.0853,302.2853,301.9853,301.6853,301.4853,301.3853,300.5853,300.5853,300.4853,300.5853,300.6853,300.9853,300.4853,300.1853,300.4853,300.3853,300.5853,300.1853,299.7853,299.7853,299.8853,300.0853,300.0853,299.7853,300.0853,299.8853,299.9853,299.5853,299.5853,299.6853,299.1853,298.8853,299.0853,298.9853,298.6853,299.1853,298.6853,298.5853,298.4853,298.6853,298.9853,299.4853,299.0853,298.7853
301.3853,300.7853,300.6853,300.5853,300.6853,300.6853,300.7853,301.0853,301.4853,301.8853,301.8853,301.4853,301.4853,301.8853,301.8853,302.0853,301.9853,301.9853,302.2853,301.9853,302.0853,302.0853,301.7853,301.4853,301.0853,300.1853,300.4853,300.6853,300.8853,300.9853,300.9853,300.4853,300.1853,300.2853,300.2853,300.3853,300.1853,299.8853,299.8853,300.0853,300.2853,300.1853,300.1853,300.1853,300.2853,299.8853,299.5853,299.7853,299.5853,299.2853,299.0853,299.2853,299.2853,299.2853,299.4853,299.2853,298.9853,299.0853,298.9853,299.3853,299.8853,299.2853,298.7853
300.9853,300.6853,300.4853,300.4853,300.4853,300.7853,301.1853,301.2853,301.7853,301.9853,301.9853,301.4853,301.5853,301.6853,302.0853,302.1853,302.3853,302.2853,302.2853,302.0853,301.8853,302.0853,302.1853,301.7853,301.5853,300.8853,300.6853,300.8853,300.8853,300.8853,300.8853,300.5853,300.4853,300.3853,300.3853,300.5853,300.5853,300.2853,300.1853,300.3853,300.4853,300.3853,300.4853,300.5853,300.1853,299.7853,299.4853,299.6853,299.4853,299.3853,299.5853,299.4853,299.3853,299.6853,299.7853,299.9853,299.4853,299.1853,299.2853,299.7853,299.9853,299.3853,298.9853
301.2853,300.9853,300.7853,300.6853,300.9853,301.3853,301.5853,301.6853,301.6853,301.7853,301.7853,301.5853,301.1853,301.5853,302.1853,302.4853,302.4853,302.2853,302.4853,302.4853,302.3853,301.9853,301.9853,301.6853,301.6853,301.5853,301.2853,301.1853,301.0853,300.8853,300.9853,300.7853,300.7853,300.5853,300.5853,300.6853,300.7853,300.4853,300.3853,300.5853,300.8853,300.9853,300.4853,300.5853,300.2853,300.0853,299.8853,299.8853,299.6853,299.7853,299.8853,299.6853,299.5853,299.7853,299.9853,300.0853,299.8853,299.9853,299.9853,299.8853,299.8853,299.4853,299.2853
301.9853,301.3853,300.8853,300.9853,301.1853,301.2853,301.3853,301.7853,301.9853,301.8853,301.8853,301.8853,301.6853,301.7853,302.1853,302.4853,302.4853,302.3853,302.1853,302.3853,302.3853,302.1853,302.0853,301.9853,301.7853,301.9853,302.0853,301.6853,301.2853,301.0853,300.9853,300.9853,300.9853,300.8853,300.7853,300.7853,300.8853,300.6853,300.7853,300.7853,300.8853,300.7853,300.6853,300.4853,300.4853,300.2853,300.0853,300.1853,300.0853,300.1853,299.9853,299.9853,299.8853,299.7853,300.0853,300.0853,299.9853,300.2853,300.3853,300.2853,299.9853,299.7853,299.7853
302.6853,301.8853,301.0853,301.1853,301.2853,301.3853,301.5853,301.7853,301.9853,301.9853,301.9853,301.9853,301.9853,302.1853,302.2853,302.4853,302.4853,302.3853,302.3853,302.3853,302.2853,302.0853,301.9853,301.9853,302.0853,302.1853,301.7853,301.8853,301.7853,301.5853,301.0853,300.9853,300.8853,300.8853,300.7853,300.8853,300.9853,300.9853,300.9853,300.7853,300.8853,300.9853,300.7853,300.6853,300.4853,300.4853,300.4853,300.2853,300.1853,300.0853,299.8853,299.7853,299.9853,300.2853,300.4853,300.2853,300.1853,300.2853,300.2853,300.2853,300.1853,299.9853,299.7853
302.5853,302.2853,301.9853,301.9853,302.0853,302.1853,302.4853,302.1853,302.0853,302.0853,301.9853,301.8853,301.7853,302.0853,302.3853,302.3853,302.3853,302.2853,302.3853,302.1853,302.0853,302.1853,302.3853,302.4853,303.0853,303.1853,301.6853,301.9853,302.0853,301.6853,301.3853,301.0853,300.8853,300.8853,300.7853,300.8853,300.9853,300.8853,300.8853,300.8853,300.9853,300.9853,301.1853,300.8853,300.5853,300.5853,300.4853,300.3853,300.1853,300.0853,299.8853,299.8853,299.9853,300.3853,300.6853,300.4853,300.2853,300.2853,300.1853,300.2853,300.3853,300.2853,299.8853
302.9853,302.6853,302.6853,302.4853,302.4853,302.7853,302.8853,302.9853,302.5853,302.1853,302.1853,302.2853,302.1853,302.2853,302.0853,302.0853,301.9853,302.2853,302.2853,302.1853,302.0853,302.2853,302.6853,302.8853,303.0853,302.2853,301.5853,302.2853,302.6853,302.0853,301.7853,301.2853,301.0853,300.9853,300.9853,300.9853,300.8853,300.8853,300.8853,300.8853,300.8853,300.9853,301.0853,300.8853,300.6853,300.6853,300.8853,300.5853,300.2853,300.0853,300.0853,300.0853,300.0853,300.3853,300.7853,300.9853,300.4853,300.3853,300.3853,300.3853,300.4853,300.4853,299.8853
303.1853,302.8853,302.6853,302.4853,302.4853,302.8853,302.8853,302.7853,302.5853,302.3853,302.3853,302.2853,302.1853,302.2853,302.2853,302.1853,302.0853,301.9853,301.9853,301.9853,302.1853,302.4853,302.5853,302.5853,302.2853,301.6853,301.4853,302.7853,302.8853,302.5853,302.3853,301.6853,301.2853,301.0853,301.0853,300.9853,300.9853,300.8853,300.8853,300.8853,300.8853,300.9853,300.9853,300.8853,300.7853,300.8853,300.8853,300.7853,300.4853,300.2853,300.2853,300.4853,300.5853,300.7853,300.7853,300.8853,300.5853,300.5853,300.4853,300.3853,300.4853,300.3853,300.0853
303.2853,302.9853,302.7853,302.5853,302.5853,302.6853,302.4853,302.4853,302.5853,302.4853,302.4853,302.2853,302.4853,302.9853,302.6853,302.3853,301.9853,301.6853,302.0853,302.4853,302.5853,302.5853,302.3853,302.4853,301.9853,302.1853,302.1853,302.7853,302.6853,302.5853,303.6853,302.3853,301.6853,301.2853,301.1853,301.2853,301.1853,300.9853,300.9853,300.9853,301.0853,301.0853,301.0853,300.9853,300.8853,300.8853,300.8853,300.7853,300.7853,300.7853,300.7853,300.7853,300.8853,300.9853,300.8853,300.9853,300.7853,300.7853,300.6853,300.5853,300.6853,300.5853,300.2853
303.3853,303.2853,302.9853,302.5853,302.6853,302.5853,302.4853,302.4853,302.3853,302.1853,302.2853,302.3853,303.2853,303.7853,303.2853,302.6853,302.1853,302.0853,302.1853,302.3853,302.6853,303.0853,302.3853,302.1853,302.1853,301.8853,302.2853,302.6853,302.5853,303.2853,303.8853,303.6853,302.3853,301.5853,301.3853,301.5853,301.4853,301.2853,301.2853,301.2853,301.2853,301.1853,301.1853,301.0853,301.0853,301.0853,301.1853,301.1853,301.1853,301.0853,301.1853,301.0853,300.9853,301.0853,301.0853,301.0853,300.8853,300.8853,300.9853,300.8853,300.9853,300.7853,300.6853
303.2853,303.2853,303.0853,302.8853,302.6853,302.4853,302.4853,302.3853,302.1853,301.9853,302.0853,302.8853,303.9853,304.0853,302.9853,302.6853,302.3853,302.3853,302.5853,302.7853,304.3853,303.0853,302.3853,302.0853,302.1853,302.3853,302.0853,302.7853,303.3853,303.5853,303.3853,303.2853,302.6853,301.7853,301.6853,301.6853,301.7853,301.7853,301.4853,301.4853,301.3853,301.3853,301.3853,301.2853,301.2853,301.2853,301.3853,301.5853,301.6853,301.5853,301.3853,301.2853,301.2853,301.2853,301.2853,301.2853,301.1853,301.1853,301.0853,300.9853,301.0853,300.9853,300.8853
302.8853,303.1853,303.0853,302.9853,302.8853,302.5853,302.4853,302.2853,302.1853,302.1853,302.4853,303.6853,307.0853,303.2853,303.3853,302.8853,302.4853,302.4853,302.7853,304.2853,302.7853,302.6853,302.5853,302.1853,302.2853,302.5853,303.7853,303.6853,303.7853,303.4853,302.2853,302.8853,302.4853,301.8853,301.7853,301.5853,301.8853,301.8853,301.6853,301.6853,301.6853,301.5853,301.5853,301.4853,301.4853,301.4853,301.5853,301.7853,301.8853,301.9853,301.7853,301.6853,301.5853,301.6853,301.5853,301.5853,301.4853,301.4853,301.2853,301.1853,301.1853,300.9853,300.9853
300.2853,305.6853,303.2853,302.9853,302.7853,302.8853,302.7853,302.5853,302.3853,302.5853,302.8853,304.0853,304.3853,303.4853,303.3853,303.0853,303.5853,304.1853,302.8853,302.9853,302.7853,302.5853,302.6853,302.6853,302.6853,302.4853,302.6853,302.4853,303.1853,302.4853,302.4853,302.7853,302.7853,302.4853,302.1853,301.9853,301.8853,301.7853,301.7853,301.8853,301.8853,301.8853,301.7853,301.6853,301.5853,301.6853,301.7853,301.9853,301.9853,301.9853,301.8853,301.8853,301.8853,301.7853,301.7853,301.6853,301.6853,301.6853,301.3853,301.2853,301.3853,301.2853,301.0853
304.8853,303.8853,302.9853,302.9853,302.8853,303.1853,303.0853,302.5853,302.5853,302.8853,303.3853,305.1853,304.2853,304.3853,303.9853,302.8853,303.8853,303.2853,303.0853,302.9853,302.8853,302.8853,302.7853,303.3853,303.3853,306.6853,302.9853,302.5853,302.8853,302.7853,302.7853,303.1853,302.8853,302.6853,302.4853,302.1853,302.0853,302.0853,301.9853,302.0853,302.0853,301.9853,301.8853,301.7853,301.7853,301.7853,301.8853,301.9853,301.9853,301.9853,301.9853,301.9853,301.9853,301.8853,301.7853,301.5853,301.5853,301.4853,301.3853,301.3853,301.3853,301.3853,301.2853
304.5853,303.0853,303.1853,302.9853,302.9853,303.2853,303.1853,302.9853,302.8853,302.9853,304.1853,306.3853,304.7853,304.4853,304.0853,303.6853,303.7853,303.5853,303.2853,303.1853,303.1853,303.0853,303.0853,303.3853,304.0853,305.0853,302.3853,302.3853,302.6853,302.8853,303.8853,303.4853,303.1853,303.0853,302.7853,302.3853,302.3853,302.4853,302.2853,302.0853,302.0853,302.0853,302.0853,302.1853,301.9853,302.0853,302.0853,302.0853,302.0853,302.0853,302.1853,302.0853,301.9853,301.9853,301.7853,301.6853,301.7853,301.5853,301.4853,301.3853,301.2853,301.3853,301.4853
