data/weather/current/current-temp-isobaric-1000hPa-gfs-1.0.json
{"header": {"discipline":0,"disciplineName":"Meteorological products","gribEdition":2,"gribLength":50801,"center":7,"centerName":"US National Weather Service - NCEP(WMC)","subcenter":0,"refTime":"2023-06-08T06:00:00.000Z","significanceOfRT":1,"significanceOfRTName":"Start of forecast","productStatus":0,"productStatusName":"Operational products","productType":1,"productTypeName":"Forecast products","productDefinitionTemplate":0,"productDefinitionTemplateName":"Analysis\/forecast at horizontal level\/layer at a point in time","parameterCategory":0,"parameterCategoryName":"Temperature","parameterNumber":0,"parameterNumberName":"Temperature","parameterUnit":"K","genProcessType":2,"genProcessTypeName":"Forecast","forecastTime":0,"surface1Type":1,"surface1TypeName":"Ground or water surface","surface1Value":0,"surface2Type":255,"surface2TypeName":"Missing","surface2Value":0,"gridDefinitionTemplate":0,"gridDefinitionTemplateName":"Latitude_Longitude","numberPoints":65160,"shape":6,"shapeName":"Earth spherical with radius of 6,371,229.0 m","gridUnits":"degrees","resolution":48,"winds":"true","scanMode":0,"nx":360,"ny":181,"basicAngle":0,"lo1":0,"la1":90,"lo2":359,"la2":-90,"dx":1,"dy":1}, "data":
[rows 140 to 167 of 181, columns 252 to 314 of 360]
279.7853,279.8853,279.9853,280.1853,279.9853,279.6853,279.7853,279.7853,279.7853,279.7853,279.5853,279.5853,279.7853,279.7853,279.6853,279.6853,279.4853,279.2853,279.2853,279.5853,279.6853,279.5853,279.2853,279.3853,279.7853,279.7853,279.8853,279.6853,279.5853,279.6853,280.0853,280.8853,282.1853,281.3853,270.9853,268.0853,272.2853,271.3853,274.0853,276.5853,277.3853,280.8853,280.4853,280.4853,280.4853,279.9853,279.7853,279.9853,280.6853,280.2853,279.4853,279.0853,278.6853,278.1853,278.0853,277.9853,278.5853,278.5853,277.4853,277.5853,277.2853,277.4853,277.8853
279.0853,279.2853,279.1853,279.3853,279.3853,279.2853,279.1853,279.1853,279.3853,279.4853,279.2853,278.9853,278.8853,279.1853,279.1853,279.2853,279.2853,279.3853,279.2853,279.2853,278.9853,279.0853,279.0853,278.9853,279.1853,279.1853,279.4853,279.4853,279.1853,279.7853,279.9853,280.2853,282.0853,273.9853,273.0853,269.3853,272.1853,272.9853,273.4853,279.8853,280.1853,280.2853,280.4853,280.2853,280.0853,279.8853,279.4853,279.7853,280.1853,280.4853,279.5853,279.1853,278.3853,277.9853,277.9853,277.8853,278.1853,278.0853,277.7853,277.0853,277.1853,276.8853,276.9853
278.9853,278.9853,278.9853,279.0853,278.9853,278.7853,279.0853,279.2853,279.0853,279.0853,278.9853,278.8853,278.7853,278.8853,278.9853,278.8853,278.8853,278.7853,278.7853,278.6853,278.7853,278.9853,278.9853,278.7853,278.6853,279.0853,278.7853,278.7853,278.9853,279.1853,279.6853,279.9853,281.6853,276.5853,275.5853,268.7853,270.9853,272.7853,273.1853,273.7853,279.2853,279.8853,279.9853,279.6853,279.2853,279.2853,279.2853,278.1853,275.7853,275.3853,279.3853,278.8853,278.1853,278.0853,277.8853,277.5853,277.7853,277.8853,277.5853,277.3853,276.6853,276.4853,276.0853
278.7853,278.5853,278.5853,278.6853,278.5853,278.6853,278.7853,278.7853,278.7853,278.6853,278.5853,278.4853,278.5853,278.7853,278.7853,278.5853,278.7853,278.7853,278.5853,278.4853,278.2853,278.3853,278.4853,278.4853,278.4853,278.4853,278.4853,278.6853,279.1853,279.1853,279.4853,279.7853,280.4853,281.4853,276.7853,269.5853,267.4853,273.0853,271.1853,272.1853,278.6853,279.7853,279.4853,279.2853,279.3853,279.5853,279.0853,278.8853,278.6853,278.8853,278.7853,278.1853,277.9853,277.3853,277.4853,277.8853,277.8853,277.9853,277.6853,276.9853,275.9853,275.4853,275.3853
278.8853,278.2853,278.4853,278.7853,278.5853,278.4853,278.1853,278.3853,278.5853,278.3853,278.3853,278.2853,278.1853,278.3853,278.4853,278.5853,278.6853,278.5853,278.4853,278.2853,278.1853,278.2853,278.4853,278.3853,278.1853,278.0853,278.1853,278.8853,278.8853,278.9853,279.1853,278.9853,278.7853,278.9853,280.9853,280.6853,271.5853,275.5853,272.9853,269.1853,271.6853,278.8853,279.4853,279.5853,279.3853,279.2853,278.6853,278.8853,278.4853,278.2853,278.1853,278.0853,277.8853,277.6853,277.5853,277.0853,276.8853,276.9853,276.7853,275.5853,275.0853,275.7853,275.2853
278.2853,278.0853,278.2853,277.9853,277.6853,277.6853,278.1853,278.1853,277.9853,277.8853,278.1853,278.1853,278.0853,277.9853,278.0853,278.2853,278.2853,278.0853,278.1853,278.1853,278.0853,278.0853,278.1853,278.1853,277.9853,277.9853,278.0853,278.2853,278.2853,278.3853,278.1853,278.0853,278.0853,278.0853,278.9853,279.9853,280.8853,279.9853,273.6853,265.7853,267.4853,279.2853,278.3853,279.9853,279.0853,277.9853,277.1853,277.4853,277.5853,277.5853,277.5853,277.7853,277.4853,277.2853,276.5853,276.3853,276.1853,276.4853,276.3853,275.5853,275.1853,274.4853,274.5853
277.9853,277.4853,277.5853,277.7853,277.6853,277.6853,277.3853,277.2853,277.4853,277.9853,277.7853,277.0853,277.3853,277.9853,277.8853,277.7853,277.7853,277.9853,278.1853,278.0853,277.9853,277.9853,277.7853,277.8853,277.7853,278.0853,277.9853,278.0853,278.0853,277.8853,277.8853,277.7853,277.5853,278.0853,278.2853,278.3853,278.6853,279.0853,280.2853,280.7853,280.3853,280.2853,279.1853,277.3853,276.6853,276.6853,276.3853,276.1853,276.2853,276.4853,276.9853,276.9853,276.6853,276.0853,275.5853,275.1853,275.2853,275.5853,275.5853,275.6853,275.0853,273.6853,273.8853
276.5853,276.5853,276.5853,276.4853,277.0853,277.2853,277.1853,277.0853,277.3853,277.1853,277.1853,277.0853,277.1853,277.2853,277.8853,277.8853,277.8853,277.4853,277.5853,277.8853,277.6853,277.4853,277.4853,277.4853,277.3853,277.5853,277.4853,277.5853,277.7853,277.4853,277.5853,277.4853,277.0853,277.5853,277.6853,277.4853,277.3853,277.4853,277.5853,278.1853,278.6853,278.0853,277.3853,276.5853,276.0853,275.6853,275.7853,276.2853,276.4853,276.0853,276.2853,275.8853,274.5853,273.6853,274.1853,274.6853,274.6853,274.2853,273.8853,273.8853,273.9853,273.5853,273.5853
276.5853,276.7853,276.7853,276.4853,276.2853,276.0853,276.0853,276.7853,276.9853,277.0853,277.0853,276.4853,275.7853,275.5853,275.7853,276.9853,277.5853,277.2853,277.0853,277.0853,276.8853,276.7853,276.8853,276.8853,277.0853,277.0853,277.0853,276.7853,276.7853,276.9853,277.0853,277.0853,277.0853,277.3853,277.2853,277.2853,277.1853,277.4853,277.3853,277.4853,277.1853,276.8853,276.4853,275.9853,275.3853,274.6853,274.9853,275.3853,274.7853,273.5853,272.8853,272.9853,273.3853,273.4853,273.5853,273.5853,273.3853,273.1853,273.5853,273.5853,273.0853,273.1853,273.4853
275.5853,275.7853,275.5853,275.8853,276.3853,276.2853,276.0853,276.0853,276.4853,276.3853,276.0853,275.6853,275.5853,275.5853,275.5853,275.8853,276.4853,276.3853,276.0853,276.4853,276.7853,276.6853,276.7853,276.6853,276.4853,276.6853,276.6853,276.7853,276.5853,276.5853,276.4853,276.2853,276.6853,277.0853,277.2853,277.0853,276.9853,276.2853,275.8853,276.3853,276.1853,275.4853,275.0853,274.2853,273.4853,273.1853,273.1853,273.3853,273.0853,272.9853,272.8853,272.9853,273.3853,273.4853,273.1853,273.0853,272.8853,272.7853,272.6853,272.7853,272.3853,272.8853,272.8853
274.6853,274.5853,274.8853,275.5853,275.9853,275.7853,274.9853,274.9853,275.9853,276.2853,275.4853,274.8853,275.3853,275.8853,275.4853,274.9853,275.1853,275.3853,275.4853,275.1853,275.1853,275.3853,275.9853,275.5853,275.2853,275.3853,275.7853,276.3853,276.5853,276.2853,275.7853,275.7853,276.3853,276.5853,275.9853,275.2853,274.7853,274.7853,275.3853,275.1853,274.3853,273.8853,273.4853,272.9853,272.6853,272.8853,273.1853,273.3853,273.0853,272.7853,272.5853,272.5853,272.7853,272.7853,272.4853,272.5853,272.5853,271.7853,271.7853,272.0853,271.6853,271.5853,272.2853
274.1853,273.8853,273.8853,273.7853,273.7853,273.8853,273.9853,274.4853,275.0853,275.7853,275.6853,274.9853,275.2853,275.6853,275.6853,274.7853,274.6853,274.7853,274.6853,274.7853,275.1853,275.3853,275.1853,274.8853,275.1853,275.2853,275.3853,275.1853,275.6853,276.0853,275.8853,275.9853,276.0853,276.0853,274.8853,273.8853,273.5853,274.5853,274.5853,273.9853,273.4853,272.9853,272.7853,272.6853,272.4853,272.3853,272.4853,272.2853,272.1853,272.0853,272.1853,272.0853,272.0853,271.2853,271.4853,269.3853,270.9853,270.8853,271.6853,271.3853,271.4853,271.7853,272.0853
273.4853,273.6853,273.5853,273.3853,273.4853,273.3853,273.2853,273.5853,273.8853,273.9853,273.8853,273.8853,273.9853,273.8853,273.7853,273.7853,273.9853,273.6853,273.5853,273.5853,273.9853,274.1853,274.3853,274.7853,274.6853,274.8853,274.8853,274.5853,274.4853,274.5853,275.0853,275.5853,275.4853,274.7853,274.7853,274.2853,273.7853,274.1853,273.6853,272.6853,272.3853,272.2853,272.2853,272.2853,272.0853,271.7853,271.4853,271.3853,270.0853,269.2853,263.6853,271.7853,271.8853,268.2853,269.0853,267.7853,267.0853,266.4853,267.1853,270.6853,271.2853,271.6853,271.4853
273.1853,273.1853,273.0853,273.1853,273.0853,272.8853,273.0853,273.5853,273.7853,273.3853,273.2853,273.5853,273.7853,273.5853,273.1853,273.2853,273.2853,273.0853,273.3853,273.8853,273.9853,273.6853,273.5853,273.5853,273.5853,273.3853,273.3853,273.7853,273.9853,274.6853,274.6853,274.5853,274.4853,274.4853,273.3853,272.5853,272.3853,272.3853,272.3853,272.0853,272.0853,271.8853,271.6853,271.8853,271.8853,271.0853,271.1853,271.1853,266.1853,271.4853,268.9853,266.7853,269.0853,269.5853,267.0853,259.9853,260.3853,260.8853,263.5853,265.8853,267.9853,268.7853,269.1853
272.6853,272.3853,272.5853,272.6853,272.5853,272.5853,272.6853,272.7853,272.5853,272.5853,272.5853,272.4853,272.4853,272.6853,272.9853,272.8853,272.5853,272.2853,272.5853,273.0853,273.0853,272.9853,272.6853,272.5853,272.8853,273.2853,273.3853,272.8853,272.6853,272.9853,272.3853,271.8853,271.8853,271.6853,271.5853,271.5853,271.6853,271.3853,271.3853,271.4853,271.8853,271.6853,272.0853,272.3853,272.1853,271.9853,271.3853,256.0853,251.8853,246.78531,248.0853,259.1853,263.0853,262.0853,258.9853,258.5853,258.5853,259.2853,260.7853,262.9853,264.4853,265.4853,265.7853
271.8853,271.9853,272.1853,272.1853,271.9853,272.0853,271.7853,271.6853,271.7853,272.2853,272.3853,271.8853,271.4853,271.5853,271.9853,271.8853,271.8853,272.0853,272.1853,272.1853,271.9853,271.9853,271.9853,272.0853,272.1853,272.0853,271.7853,271.5853,271.4853,271.2853,271.2853,271.1853,271.1853,271.1853,271.1853,271.1853,271.2853,271.5853,271.6853,271.6853,271.2853,271.6853,272.5853,272.3853,261.2853,257.1853,248.8853,250.1853,251.4853,254.0853,254.4853,255.78531,256.3853,255.9853,257.1853,257.0853,256.7853,257.7853,258.8853,260.4853,261.8853,262.1853,263.2853
263.6853,267.8853,271.5853,271.2853,271.1853,271.1853,271.2853,271.2853,270.2853,271.1853,271.3853,271.2853,271.1853,271.1853,271.2853,271.3853,271.5853,271.6853,271.2853,271.2853,271.3853,271.3853,271.4853,271.5853,271.5853,271.4853,271.2853,271.2853,271.1853,271.1853,271.1853,271.1853,271.1853,271.1853,271.1853,271.1853,271.1853,271.2853,271.3853,271.7853,270.9853,272.0853,267.8853,256.7853,247.6853,246.78531,250.4853,248.6853,252.78531,253.8853,255.1853,255.4853,254.6853,254.0853,253.8853,254.28531,255.3853,255.6853,255.78531,256.5853,258.1853,258.7853,259.0853
256.2853,259.6853,261.7853,263.3853,264.5853,266.9853,265.3853,265.1853,267.7853,267.8853,270.0853,270.7853,270.9853,271.2853,271.2853,271.3853,271.2853,271.2853,271.1853,271.1853,271.2853,271.2853,271.2853,271.3853,271.2853,271.1853,271.1853,271.1853,269.5853,270.3853,267.7853,268.7853,269.2853,271.5853,268.3853,269.6853,270.6853,271.7853,271.9853,268.3853,251.6853,259.7853,248.9853,247.4853,247.78531,248.9853,249.5853,249.78531,251.9853,250.9853,251.6853,252.5853,251.6853,251.1853,249.3853,250.4853,251.5853,252.0853,253.4853,255.3853,256.0853,255.6853,256.1853
256.2853,259.4853,261.3853,261.7853,263.1853,263.2853,262.8853,257.8853,262.7853,267.4853,268.9853,269.1853,270.4853,270.9853,270.8853,270.3853,269.5853,270.2853,270.6853,270.6853,270.4853,270.6853,271.0853,271.1853,271.1853,268.5853,271.1853,271.0853,271.0853,265.9853,271.1853,270.9853,271.3853,266.4853,271.3853,271.7853,271.5853,271.4853,267.3853,251.78531,252.4853,252.0853,236.6853,247.5853,248.8853,248.6853,248.28531,248.8853,250.5853,251.3853,250.5853,247.4853,247.1853,248.8853,247.28531,246.0853,246.5853,248.6853,250.28531,251.6853,251.78531,253.3853,252.8853
257.9853,262.1853,263.6853,264.3853,264.4853,263.6853,259.2853,259.1853,264.2853,266.7853,268.6853,270.5853,270.3853,269.7853,269.2853,269.2853,269.9853,270.5853,270.2853,269.8853,270.2853,270.4853,270.8853,271.1853,271.1853,271.1853,270.8853,270.3853,268.7853,271.1853,266.8853,268.8853,271.1853,271.1853,271.1853,268.6853,256.8853,251.28531,253.6853,242.9853,241.9853,247.4853,243.3853,238.4853,246.4853,247.8853,250.5853,250.1853,250.9853,251.28531,250.9853,251.3853,249.6853,246.28531,245.78531,245.3853,245.9853,246.8853,246.5853,246.0853,246.8853,247.8853,246.5853
261.3853,261.4853,263.7853,263.2853,261.8853,260.6853,257.8853,262.1853,266.1853,269.3853,270.1853,269.6853,269.1853,269.0853,268.9853,269.6853,270.3853,270.3853,270.0853,269.7853,269.8853,269.5853,268.1853,266.0853,266.8853,269.5853,267.3853,267.6853,265.6853,271.1853,271.1853,271.3853,260.9853,250.1853,243.9853,241.6853,245.78531,252.3853,254.3853,249.3853,248.5853,246.5853,243.6853,238.6853,236.9853,242.3853,248.9853,250.28531,251.4853,250.8853,250.8853,251.28531,254.1853,253.6853,250.9853,247.28531,250.1853,249.4853,249.28531,246.6853,245.9853,247.6853,246.78531
258.8853,261.3853,261.0853,260.8853,260.5853,258.2853,261.8853,266.2853,269.4853,270.3853,269.4853,269.1853,268.9853,269.1853,269.6853,270.1853,270.1853,270.1853,269.8853,269.4853,268.8853,267.8853,267.0853,268.5853,270.3853,271.0853,271.1853,271.1853,271.1853,271.1853,271.1853,270.3853,254.0853,253.6853,251.4853,246.4853,244.5853,246.9853,249.8853,247.4853,241.3853,248.6853,246.1853,243.0853,237.4853,238.5853,243.9853,246.78531,250.6853,250.1853,250.78531,250.78531,251.4853,250.9853,252.6853,253.78531,252.9853,251.78531,250.5853,249.9853,250.1853,249.78531,250.1853
260.5853,261.1853,262.1853,261.7853,261.9853,265.1853,264.8853,266.2853,267.3853,267.2853,267.4853,267.4853,269.3853,269.8853,269.8853,269.8853,269.6853,269.1853,268.7853,268.7853,268.7853,268.6853,268.6853,268.3853,267.4853,267.7853,270.9853,271.1853,271.0853,266.9853,267.6853,269.1853,269.2853,251.78531,245.8853,240.6853,240.78531,243.3853,245.9853,245.28531,241.1853,237.4853,252.9853,246.3853,242.8853,243.3853,242.8853,242.0853,246.3853,248.4853,248.9853,249.4853,250.28531,250.8853,251.78531,252.4853,253.28531,254.5853,254.8853,255.5853,255.78531,255.6853,255.1853
256.2853,259.0853,260.5853,261.0853,265.0853,264.7853,268.8853,268.1853,268.1853,268.2853,268.9853,269.3853,269.2853,268.5853,267.3853,267.5853,266.8853,263.3853,262.7853,261.9853,262.2853,261.3853,261.5853,262.3853,260.6853,257.7853,256.7853,252.78531,252.9853,244.6853,242.78531,241.28531,240.4853,248.1853,245.8853,243.8853,239.78531,239.3853,240.1853,244.78531,256.1853,253.78531,251.8853,247.6853,238.6853,239.8853,246.0853,243.5853,242.9853,243.3853,243.4853,243.4853,245.28531,248.4853,249.4853,250.4853,251.3853,251.9853,252.4853,253.0853,253.28531,254.1853,253.5853
260.8853,261.7853,262.1853,263.4853,269.0853,268.8853,268.8853,266.4853,264.7853,263.3853,263.3853,263.0853,261.3853,258.8853,258.0853,259.2853,259.8853,259.1853,258.1853,258.1853,258.7853,257.5853,256.6853,255.3853,255.8853,252.3853,252.6853,249.6853,248.9853,247.3853,248.8853,248.3853,250.9853,251.1853,249.4853,248.9853,250.28531,247.28531,247.9853,249.28531,247.6853,246.3853,242.0853,239.3853,242.9853,242.8853,244.78531,245.28531,247.9853,246.5853,244.9853,244.3853,243.1853,243.1853,243.9853,244.8853,245.4853,246.0853,247.8853,248.5853,249.78531,250.6853,250.5853
261.7853,262.2853,262.5853,267.5853,268.6853,268.4853,268.3853,267.8853,268.2853,266.3853,263.2853,261.6853,261.6853,261.6853,261.6853,261.2853,260.9853,260.3853,259.7853,257.4853,253.8853,248.8853,246.0853,242.5853,241.6853,236.1853,233.9853,232.5853,234.5853,235.5853,234.4853,236.28531,235.4853,232.4853,237.28531,246.1853,243.28531,242.3853,242.1853,243.78531,245.1853,242.6853,242.6853,241.9853,238.78531,236.5853,241.5853,242.5853,243.28531,245.28531,243.3853,241.3853,240.6853,240.6853,240.4853,240.5853,240.0853,240.1853,240.5853,242.0853,243.78531,244.3853,244.28531
262.6853,262.3853,262.1853,261.6853,261.1853,260.7853,261.3853,261.8853,262.4853,262.2853,261.2853,259.1853,258.0853,257.5853,256.8853,255.3853,254.28531,252.3853,250.8853,249.3853,247.1853,245.9853,244.78531,242.28531,240.28531,239.3853,235.1853,237.28531,239.5853,237.4853,232.5853,232.5853,232.0853,230.28531,231.78531,238.78531,243.9853,245.9853,240.8853,238.3853,238.1853,236.78531,236.0853,237.0853,238.1853,237.78531,238.0853,238.1853,238.78531,239.3853,239.9853,240.5853,241.5853,241.9853,242.8853,243.6853,243.6853,243.1853,243.3853,241.0853,239.5853,238.4853,241.6853
259.1853,258.9853,258.7853,258.9853,258.2853,256.9853,256.9853,256.4853,255.4853,254.78531,254.3853,253.6853,252.5853,251.28531,249.8853,248.5853,247.1853,246.28531,245.28531,246.28531,246.5853,246.0853,246.6853,243.28531,242.8853,235.1853,236.3853,239.6853,240.8853,237.78531,241.1853,237.9853,230.8853,230.4853,231.8853,231.5853,231.9853,234.28531,234.8853,234.8853,234.8853,235.0853,235.1853,235.9853,236.4853,237.1853,237.8853,238.3853,239.28531,240.1853,240.8853,241.5853,241.9853,242.28531,242.5853,243.1853,243.5853,243.9853,243.9853,242.6853,238.3853,233.6853,234.9853
