demo/data/weather/current/current-relative_humidity-surface-level-gfs-1.0.json
{"header": {"discipline":0,"disciplineName":"Meteorological products","gribEdition":2,"gribLength":68913,"center":7,"centerName":"US National Weather Service - NCEP(WMC)","subcenter":0,"refTime":"2023-06-08T06:00:00.000Z","significanceOfRT":1,"significanceOfRTName":"Start of forecast","productStatus":0,"productStatusName":"Operational products","productType":1,"productTypeName":"Forecast products","productDefinitionTemplate":0,"productDefinitionTemplateName":"Analysis\/forecast at horizontal level\/layer at a point in time","parameterCategory":1,"parameterCategoryName":"Moisture","parameterNumber":1,"parameterNumberName":"Relative_humidity","parameterUnit":"percent","genProcessType":2,"genProcessTypeName":"Forecast","forecastTime":0,"surface1Type":100,"surface1TypeName":"Isobaric surface","surface1Value":100000,"surface2Type":255,"surface2TypeName":"Missing","surface2Value":0,"gridDefinitionTemplate":0,"gridDefinitionTemplateName":"Latitude_Longitude","numberPoints":65160,"shape":6,"shapeName":"Earth spherical with radius of 6,371,229.0 m","gridUnits":"degrees","resolution":48,"winds":"true","scanMode":0,"nx":360,"ny":181,"basicAngle":0,"lo1":0,"la1":90,"lo2":359,"la2":-90,"dx":1,"dy":1}, "data":
[rows 76 to 113 of 181, columns 172 to 257 of 360]
77.7,79.5,78.8,80.4,80.8,79.2,78,73.2,71,70.1,72.4,71,72.8,67.9,66.7,75,70.6,76.8,71.2,71,71.2,72.1,75.3,73.4,78.2,82.4,80.5,82.5,84.6,82.3,82.5,82.3,75.9,71,70.8,68.5,69.8,67.6,68.4,70.2,68.7,64.3,68.9,68.2,72.1,71.9,70.6,71.7,72.6,73.8,77.2,77.8,75.6,75,75.6,79.6,77.5,81.8,82.2,81.6,82.9,83.1,82.3,83.4,81.4,80.1,79,77,79.2,78.8,74.6,71.8,72.3,72,67.2,70,67.8,66.2,66.6,65,66.5,65.3,62.4,64.3,68.1,67.9
81.3,81,80.9,78.7,77.5,75.4,77.5,77.3,74.7,75.2,76.9,71.6,70.3,74,71.6,72.2,71.8,71.3,71.9,70.8,71.5,68.8,71.8,72.2,70.1,77.7,81,82.5,83.6,81.7,76.8,79.8,82.2,76.7,75.8,75.2,74.5,73.3,72.4,72.5,68.9,71,70.5,74.6,75.2,74.6,74.5,74.3,76.7,76,76.2,75,73.3,79.4,81.1,83.1,86.7,86.3,86.5,85.5,86.1,84.7,85,85.9,85.2,84.9,84.1,84.3,82.4,80.5,76.6,72.4,72.9,72.7,68.8,68.7,69.2,66.7,62.8,63.7,63.6,66.3,65.6,65.4,66.1,66.5
80.1,81.2,81.2,76.4,76.2,76.9,77.2,74.2,75.6,73.7,74.2,74.9,73.3,77.4,70.4,71.4,70.1,71.4,70.3,67,73.7,71.2,71.6,69.9,62.3,69.4,79.6,82.8,83.4,80.6,83.3,81.9,83.5,85.8,81.4,81.8,77.8,76.6,72.9,72.7,75.4,78.7,77,76.8,73.8,75.5,75.5,74.8,71.5,74.1,75.6,76.6,81.1,80.8,83.3,85.3,87,86.6,86.6,86.6,86.3,86.6,86.7,85.5,85.5,86.2,84.8,81.8,80.5,80.4,77,73.3,71.7,72.2,70.8,69.7,64.5,66,63.8,63.4,73.3,63.4,64.9,67.6,66.9,65.1
79.9,79.6,77.1,78.7,79.7,79.7,78.6,79.7,73.8,71.7,75.1,73.1,74.7,75.8,74.4,75.3,75.2,77.1,77.1,72.7,69,72.9,73.4,70.5,69.8,72.3,75.9,81.7,82.9,81.9,76.8,76,73.4,76.1,76.3,74.1,72.7,72.1,71.8,73.8,71.8,78.2,76.2,74,71.9,72.2,71,72.8,76.5,79.4,76.5,79.9,82.2,86.6,86.5,85.8,86.9,85.9,85.3,83.8,85,80.6,80,82.3,83.3,84.1,81.2,81.3,81.9,82.6,79.7,75.2,72.8,71.2,70.3,69.8,68.5,62.5,60,60.6,59.7,58.5,63.8,63.7,62.8,67.5
78.9,76.9,75.8,75.2,76.9,75.9,75.2,74.5,72.1,71.7,74.8,73.4,75.9,78.5,80.9,81.6,82.2,82.2,81.2,77.4,72.7,69.7,70,68.5,72.7,75.8,80.1,80.4,80.5,78.9,74.7,72.3,69.4,71.1,72.6,73.1,72.7,73.3,74.4,70.2,74.5,75.7,73.2,73.7,77.2,73,77.1,79.4,76.8,78.2,81.6,83.6,85.1,86.7,86.3,86.5,84.4,81,82.2,79,78.9,78.7,79.7,81.4,78.5,79.2,81.7,82.1,82.2,79.5,78,77.1,75.3,72.6,73.1,71.9,69.9,67.5,62.4,62,60.4,62,63.2,61.4,64.1,70
78,77.2,76.6,73.9,73.1,72.5,72.6,70.3,71.4,71.3,74.9,76.3,79.2,80.4,81,81,81,80.7,81.7,77.2,76.8,71.8,71,69,75.9,71.5,63.9,73.4,74.9,76.7,74.9,73.3,73.6,71.1,73.6,75.7,76.3,76.8,76.9,80.1,74.7,72.9,75.3,78.9,79.6,78.2,78,78.5,79.1,83.7,87.5,87.9,86.2,85.2,84.5,81.9,81.9,82.4,81.6,80.5,80.7,78.9,79.2,79.5,78,77.9,78.8,79.2,80.6,81,81.6,81.2,78.1,79.8,78.2,74.2,73,67.5,66.2,65.9,66.8,66.8,69.2,71.6,73,72.2
78.2,76.6,77.2,74,73.7,74,71.3,71.9,71.8,75.7,78.8,81.2,80.3,81.1,80.6,81.2,81.3,79.9,81.5,78,74.9,74.4,70,71.9,72.9,70.7,69.6,72.6,71.6,72.8,75.3,75.7,74.9,77.9,80.4,82.9,81.8,77.4,77.9,78.4,77.9,78.3,77.9,78.8,75.8,78.1,78.9,82.6,81,84.1,81.7,83.3,83.1,83.7,79,80.3,79.5,78.9,82.1,80.7,79.8,81,77.7,80.1,79.9,79.6,78.6,77.3,78.7,76.1,78.4,80.1,78.7,80.1,82,79.4,78.3,77.3,75,70.9,75.8,76.1,75.9,74.7,74,75.1
76.4,76.2,76.1,75.4,74.7,72.7,71.6,72,75.7,79.1,81.5,82.6,81.2,80.9,81.5,80.9,80.1,80,81.1,77.7,75.7,71.7,69.5,69.3,66.6,62.4,66.3,70.1,72.1,74.5,79.3,80.5,79.5,80.3,81.2,81.1,79.5,80.4,81.3,79.8,79.4,82,80.8,78.7,82.2,83.2,82.7,84.6,82.7,81.9,82.6,81.8,79.7,79.3,78.4,78.3,78.2,78.5,79.4,81.7,78.4,78.6,78.7,79.4,76.9,77.6,76.4,77.5,76.3,75.1,74.8,74.1,74.9,77.4,80.1,80.4,81.3,79.1,78.2,76.4,72.5,73,72.9,74.1,78.8,74.6
77.3,78.1,75.2,74.3,70.3,70.8,71.5,74,75.6,78.4,81,81.9,80.2,82.1,81,80.3,80.2,79.7,77,78.5,76.4,71.7,72.8,72.5,70.3,68.4,70.3,72.4,72.9,76.5,79.3,82.1,83.4,82.4,83.9,83.2,82.6,84,83.5,83.7,84.9,83.2,84.1,81.2,82.7,81.9,82.1,81.2,80.3,80.8,80.8,79.7,78.4,78.3,78.6,79.4,77.4,76.5,73.1,73.2,75.3,76.7,77.3,74.8,73.5,72.5,74.4,77.4,72.8,72.8,73.6,73.7,75.8,78.1,76.4,74.6,77.6,76.7,77.1,75.9,74.2,75,73.8,72,73.2,74.7
75.7,77.2,75.3,73.8,73.5,71.6,74.5,76.3,76,78.9,80.6,81,80.2,78.1,77.5,78.2,77.8,78.9,76.1,75.3,75.3,75.3,75.6,76.8,76.7,77.4,76.3,77.4,78.6,80.1,82.3,83,82.9,81.8,82.1,81.5,80.9,82,82.3,84,82.4,79.9,80.6,78.9,83,78.9,83,82.3,79.1,77.7,78.2,77.4,77.9,80.4,80.4,77.7,73.4,67.3,66.6,65.8,66,73.1,69.9,72.7,71.7,70.7,72.9,75.5,74.9,70.4,75.1,73.5,77.4,78.5,76.8,75.9,79.5,78.3,77.9,77.7,76.2,74.1,75.7,74.6,74.9,79.1
72.6,75.3,75.4,77,76.7,76.4,76.3,76.3,76.5,76.9,79.3,80.6,81.2,73,79.1,77.2,73.2,76.9,77.2,78.3,80.6,80.8,76.6,79.6,80.7,80.6,78.9,82.2,80.2,80,77.9,79.1,77.5,78.6,77.7,78.1,79.6,78.4,79.7,80.3,80.2,80.2,78.8,78,77.8,80,82.1,78.9,80,78.3,77.6,80.2,79.4,78.5,74.8,71.3,71,62.2,61,68.8,68.6,68,68.5,70.6,71.5,68.4,72.9,75.7,79.8,75.2,73.9,71.6,72.6,79.2,79.9,79.2,80.3,78.5,78.5,82.2,79.1,79,77.5,78,78.2,76.6
75.3,77,77.4,78.5,75.9,76.8,77.5,72.4,70.9,71.8,71.6,77.7,72.3,78.2,78.2,77.8,79.6,78.4,79.8,80.4,81.1,80.9,80.8,78.8,78.9,78.7,77,78.1,76.7,77.7,78.3,79.7,77.7,80.1,74.7,77.5,77.9,77.3,78.3,78.6,77.4,77.1,76.6,77.4,74.3,77.8,79.2,78.3,79.5,79.4,77.8,80.7,75,73.8,67.5,66.7,66.3,69.4,69.3,69.2,66.9,67.5,67.4,69.2,69.7,73.1,74.9,74.6,74.6,67.5,66.8,69.2,75.2,76.8,76.1,76.4,78.9,81.2,78.8,75.1,69.3,70.6,71.5,76.6,77.6,73.9
75.2,75.4,77.4,77.2,72.1,72.6,74.4,71.8,71.3,70.6,72.4,73.1,74.7,76.3,77.5,75.9,72.7,72,72.3,72.1,76.7,77.9,75.3,74.1,75.7,78.8,78.6,75.8,75.7,77,77.2,77.5,77.2,77.2,75.8,76,76.5,74.4,75.1,76.8,74.9,76.1,76.6,74.7,75.8,78.4,81,78.7,79.2,79.6,77.8,76.1,72.8,68,70.1,69.4,70.8,70.5,70.8,71.6,70.5,71.5,71.4,72.6,71,69.9,69.3,69.2,69.6,70,72.4,76.2,74.8,76.4,75.3,75.5,76.6,77.5,77.5,73.6,78.5,78.8,76.1,68.6,73.2,77.4
74.5,75.3,75.2,75.1,73.5,72,72.2,75.7,74.6,75.6,78.9,77.6,78.2,75.4,77.1,71.1,71.3,70.4,71.7,72.4,61.3,67.1,71.1,71.2,72.8,72.8,73.2,75.7,74.9,77.3,73.9,77.8,77.3,74.2,75.2,75.6,76,72.6,73.8,69.5,74,76.5,74.5,76.3,78.2,77.1,77.7,79,78.5,78.5,74.7,68,71.9,70,69.6,70.4,70.4,73.4,69.4,72.9,75.1,75,73.7,72.2,67,62.9,65,71.3,69.3,76.7,74.8,74.1,72.8,74.4,67.3,74.6,77.9,78.8,79.6,80,80.9,82.5,78.6,76.6,79.4,79.5
73.1,72.7,74,75.8,76.3,74.6,72.3,73.7,73,71.9,73.3,72.9,73.2,74,73.1,71.5,71.2,72.5,72.4,74.9,73.9,75.5,72.7,74.1,64.1,74.8,73.9,73.7,73.9,73.2,71.7,75.5,74.1,71,73.3,71.8,71.1,76.7,76.6,78.7,76.7,78.3,78.9,78.4,77.3,76.7,76.1,76.6,76.4,77.3,77,72.8,67.4,72.6,70.3,71.3,71.6,73.8,73,71.4,74.4,77.3,72.8,69.1,66.1,69.8,68.2,69.9,70.4,73.7,70.5,70.1,71.1,72.6,77.5,79.7,79.8,81,81.4,83.1,81.9,81.7,79.5,78.4,78.8,77.8
75.3,75,75.2,74.9,75.7,70.9,70.8,70.3,73.2,72.7,70.3,69.9,70.7,72.7,73.1,69.2,73.1,75.6,76.1,74.3,75.3,75.4,76.5,76.6,73.2,73.9,72.8,74.3,74.4,69.5,73.4,72.4,70.9,71.3,73.3,74,75.2,76.9,76.5,78,78.2,78,77,76.6,74.8,75.2,75.7,74.9,67.5,72.1,72.7,73.6,73.1,70.4,70.1,69.4,70.5,71.3,69,68.5,67.8,72.4,71.7,65.3,66.1,64.2,69.6,73.3,74,71.9,63.9,65,60.1,66.1,74.9,75.8,78.8,78.6,79.5,79.8,80.3,78.3,79.6,79.7,76.7,72.2
75.3,74.8,74.6,73.8,71.6,75.7,73,73,72.3,74.4,71.7,71.8,72.4,73.2,70.9,71.7,72.8,72.8,72.4,74.4,73.7,75.4,75.3,75.6,74.9,75.8,73.4,74,73.1,72.1,73.1,73.9,74.1,73.5,73.5,74,77.8,78.4,77,78.5,75.9,72.9,73.9,73.6,75.3,75.1,76.1,75.8,70.5,70.7,71,70.6,69.6,69,67.5,70.7,73.3,70.3,68.2,64,66.8,71.3,71.8,68.1,68.9,70.4,69.9,72.4,72.2,65.7,58,56.8,62.7,70.6,64.2,69.5,73,74.5,73.4,75,78.4,76.6,77.3,75.7,78.2,78.2
74.4,75.9,74.7,74.8,76.5,75.9,73.6,73.6,72.4,72.8,73.1,72.4,73.5,70,69.6,73.1,73.4,73.2,72,73.7,73.9,75.2,75.3,73.9,73.5,76.6,73.4,68.9,69.8,72.2,68.7,73,74.2,72.5,75.3,71.3,73.6,73,73.3,73.1,69.1,68,74.3,75.7,77.5,77.2,75.7,73.5,69.5,71,70.5,70.8,67.1,66.2,67.9,71.4,71.4,68.6,61.4,59.7,72.5,75.8,78.3,69.8,71.7,74.2,72.8,67.7,65.3,60.4,60.6,61.6,60.6,64.4,71.1,71.7,74.1,67.1,73.5,74.9,74,76,71.3,75.8,74.2,72.9
73.7,73.6,73.6,73.1,74.3,73.8,72.7,73.6,73.2,72.6,71.4,69.5,67.1,67.6,70,71.9,72.7,72.8,73,68.7,68,71,74.3,70.3,68.3,65.7,66.8,67.2,71.6,67.3,72.8,70.3,70.7,70.1,70.3,69,66.8,70.7,68.9,68.7,71.5,72.7,70.6,76.3,75.9,75.6,75.5,71.3,66.7,68.7,69.1,70.2,70.7,69.3,68.4,70.1,71,67.8,65.3,58,74.4,76.1,76.2,72.3,68,68,65.1,62.5,62.7,62.8,61.5,63.8,67.9,58.7,70.1,70.6,71.7,74.7,67.5,64.9,67.3,69.1,67.9,66.4,67.4,67.1
74.3,72.4,74.1,71.4,68.9,72.6,62.4,71.7,69.2,67.3,64.1,62.9,63.2,64.9,68.6,71.8,72.9,73.1,74.3,72.8,70.6,70.2,71.4,72.7,68.7,69.4,66.4,70.4,69.7,71.2,70.3,70.6,69.5,68.9,70.3,67.3,66.6,68.2,70,68.2,69.2,72.1,74.8,78.3,76.7,76,77.6,72.4,67.8,69.9,67.3,65.1,66.7,64.8,66.7,67.8,67.5,67.9,64.7,57.8,61.3,73.8,78.3,76.6,69.5,63.8,64.3,64.1,63.5,64.9,63.5,61.8,65.7,69.4,70.7,72.9,76.2,74.5,68.3,64.4,68.6,66.6,69.5,69.1,66.7,64.4
75,70.9,70.5,67.1,70.5,68.2,68.3,73.8,70.9,72.2,73,73.2,74.1,69.3,69.9,73.8,73.4,74.1,75.1,74.4,73.7,74,69.9,69.9,72.1,67,67,71.7,69.1,72,74.3,76.1,77.3,75.9,76.9,69.1,66.8,68.3,69.2,69.9,72.2,71.5,75.4,78.1,75.5,77.4,75.1,70.6,72.8,70,69.6,67.7,66.4,67.1,65.7,65.5,67,68.7,65.7,61.2,59.8,67.2,77.6,78.2,70.6,66.5,64.3,62.9,63.2,62.5,63.3,64.5,65.2,66.9,73,71.3,77,76.3,75.9,69,66.7,69.4,68.5,67,63.9,61.5
71.2,71.1,69.1,65.9,70.5,68.5,72.8,73.7,74,74,75.5,76,74.3,71.5,72.1,73.1,72.7,73.8,73.6,74.8,74.4,74.1,71.4,70.7,71.6,68.9,71.1,70,72.9,76.4,76.9,77.5,76.7,77.3,77,74.8,66.9,67.8,72.7,69.7,72.2,75.1,75.2,73.5,75.8,71.5,69.6,67.4,76.3,69.9,69.4,69.9,69.3,65.1,67.8,68.8,64.3,67.1,66.8,67.8,65.4,62.8,69.4,75.9,73.8,71.2,67.8,68.9,70,68.3,66.8,65.3,65.7,63.4,68.7,69.3,70.9,74.7,70.4,75.8,72.4,71.1,69,61.9,61.1,61.3
74.8,69.7,70.8,69.6,69.3,70.8,73.2,72.6,75.4,75.1,75.3,77.5,76.1,74.4,73.1,71.5,70.2,72,73.4,74.7,73.6,73.6,74,71.7,72.4,70.2,73.3,72.6,74.8,76.5,76.9,77.4,74.8,77.1,77.8,76.6,71.5,66.1,72.1,73.7,77.9,76.4,71,71.6,69.6,65.6,67.1,67.4,65.5,69.8,70.9,70.3,69.5,69.9,71.8,68.5,68.2,68.6,71.6,73.8,73.4,73.3,69.2,70.7,68.7,66,67.4,66.6,69.3,68,65.1,65.4,64.5,63.8,63.9,68.1,71.6,60.6,73.3,73.4,70.9,70.6,64.9,61,61.4,58.9
73.7,70.4,70.3,68.6,69.3,71.2,73,73.4,75.8,75.6,76.7,77.7,76.3,75.5,73.1,71.8,70.7,71.2,72.2,75.6,76.2,74.7,73.8,74.5,74.1,76,74.1,72.4,72.1,75.6,76.2,74.1,71.8,76.8,76.4,75.8,75.2,69.9,69.2,70.8,74.2,75.3,75.5,78.1,76.1,73.1,71,70,67.7,65,72.4,71.7,71.2,70.4,65.8,73.4,70.9,70.9,70.6,73.1,75,74.7,75.9,71.6,72.9,68.8,74.5,71,70.1,68.9,67.9,70.4,65.3,65.2,66.8,67.3,74.8,75.9,70.6,63.6,64.5,63.4,65.9,60.1,63.3,64.1
71.8,71.3,72.7,71.9,74.2,77,74.3,76.8,73.6,74.7,75.4,75.7,78.9,74.4,72.6,70.8,68.9,71.9,72.9,76.1,74.8,73.8,73.7,73.2,72.8,71.8,73.6,70.4,73.3,73.1,72,70.6,70,74.5,76.5,78.1,76.5,76.3,74.9,73,72.1,74.7,75.2,75.9,76.2,75.5,67.1,70.9,65.9,71.1,72.8,77.9,76.8,76.2,69.4,73.5,72.7,74.1,76.5,76.5,72.9,73,74.6,74.9,77.4,76.5,75,73.3,69.1,72.9,71.2,70.4,72.2,68.3,70.6,74.2,70.9,72.4,74.1,71.3,62.1,63.4,66.9,62.5,62.8,65.9
72,70.1,72.8,75.9,75.8,74.8,77.4,74.9,79.9,76.4,74.5,73.4,78.3,78.6,75,75.2,70.7,73.4,75,77.3,77.5,76.9,75.6,73.1,73.1,74.1,72.9,74.6,72.9,74.2,71.4,65.5,68,70.2,72.5,75.9,77.2,76.7,77.9,77.8,77.9,78.8,78.6,77.7,77.5,76.8,76.3,72.4,71.6,71,73.5,76.4,76.4,78.2,74.5,72.1,75.3,73.6,73.7,75.7,75.6,75.2,74.1,75.9,76.6,72.5,79.2,75.2,76,77.1,75.3,71,72.3,72.5,75.4,75.1,72.6,72.6,71.6,69.2,74.6,63.3,63.6,65.2,67,62.4
76.8,79.8,73.2,79.1,80.3,77,76.4,76.7,78,77.5,73.8,72.2,76.8,81.2,77.7,76.8,71.6,75.3,79,79,78.6,77.5,75.9,73.8,74.5,74.2,73.9,73.7,73.2,73.5,70.6,66.4,67.4,70.5,72.7,75.7,73.5,72.8,74.2,73.1,73.6,76.5,80.9,80.5,81.1,79.8,80.4,75.8,72.8,76.4,77.7,77.3,79.2,78.4,75.1,73.8,74.6,75.1,76,77.7,76.9,77.5,78.2,75.7,78.1,77.6,78.1,77.7,80,78.7,81.3,75.1,72.4,79,78.1,76.8,75.9,74.5,73.9,70.1,72.2,74.2,70.7,65.6,67.7,68.1
77.1,78.7,79.2,78.9,79.9,80.7,80.9,81.1,80.3,77.2,73.2,72.2,74.8,78.5,80.2,77.9,75.1,79.8,81.7,80,79,76.5,76.2,74.9,74.4,76,75.3,74.5,74,74.2,67.6,66.6,64.2,66.7,71.3,72.6,66.2,66.5,65.4,64.5,68.4,69.4,73.7,78,75.9,76.7,79.7,80.4,78.9,74.5,75.1,77.6,75,79.2,78.2,75.5,77.4,77.7,78.7,78.5,77.7,78.3,79.1,77.7,78.5,78.8,81,80.6,80,82.1,80.1,82.2,78.4,83.6,81.1,78.7,78.2,76.4,75.6,72.6,72.9,71.7,70.3,67,68.7,66.6
77.5,81.7,83.9,82.2,80,80.2,79.3,81.6,82.3,76.4,76,78.3,77.1,77.4,75.2,81.3,77.7,82.9,81.5,81.3,80.2,75.8,74,70.9,71.6,71.6,73.2,73.8,74.2,71.2,70.8,63.2,61.7,64.9,61.9,67.6,66.1,61.7,62.9,63,62.1,64.4,66.6,71.9,73.7,77.3,77,78.8,79.5,81.4,79.4,74.4,74.4,73.9,78.1,77.2,77,77.2,77.5,78.4,78.9,78.5,80.3,82.3,81.9,82,84.4,83.7,80.9,80.3,81.9,82,84.5,83,83.1,84.1,80.1,77.9,77.7,75.8,76,72.5,69.6,70.8,67.4,64.6
76.1,76.5,86.3,87.8,89.7,81.7,81.1,83.2,84.3,82.8,81,83.6,85.8,82.7,80.6,79.6,80,81.7,81,78.3,75.4,75.2,73.6,69.5,69.6,68.4,67.5,66.4,66.6,75.5,72.3,64.9,62.6,62.1,60.6,59.7,61.1,61,61.3,61.8,61.4,61.3,60.7,62.8,64.9,68.9,73.9,75.7,74.4,76.6,77.3,82.5,80.8,79.8,82.8,76.3,76.7,78.4,77.6,76.7,80,79.1,81.3,82.9,82.4,81.3,83.7,84,83.7,85.2,87.8,83.9,85.4,81.6,84.7,86.3,84.2,80.2,80.5,79.4,78.2,75.9,74.4,74.9,75.3,69.3
69.3,72.9,73.2,74.6,83.8,93.2,93.3,88,90.6,83.8,82.9,82.5,83.8,87,84.2,83.6,81.5,83.1,77.8,73.9,71.1,72.4,71.5,72.2,67.4,67.1,66.7,66.2,67.7,70.9,71.4,64.6,69,66.7,61.6,59.9,57.9,59.2,58.2,59,58.3,57.7,58.9,60.8,59.4,60.4,63.9,71.1,68.6,72.6,69.6,71.7,74,75.9,81.6,81.6,81,78.6,77.2,77.5,78.1,78.6,80.6,79.3,76.7,74.4,81.5,83,84.6,82.4,87,87.7,84.5,87.1,88.2,84.8,85.7,84.3,82.2,79.7,78.3,77.4,76.3,72.8,76.7,76.9
67.7,67.7,70.6,72.9,76.6,77.9,86,87.2,90.2,92.4,92.5,87.9,76.6,83.5,89.3,87.7,92.6,87.9,75.6,72.6,70.4,68.8,68.2,67.2,66.5,66.4,68.6,66.2,61.9,68.5,68.2,63.2,67,66.9,64.7,61.1,68.5,65.6,59.9,59.4,58.7,58.2,57.8,57.6,57.6,58.3,57.9,63.6,66.2,62.9,61.5,73.5,70.3,72.7,70.8,73.6,79.5,76.1,76.4,80.7,81.5,83.6,81.9,75.7,74.8,75.8,79.9,79,77.4,78.3,79.7,84.3,88.4,85.3,84.4,85.3,90.2,86.9,92.5,85,81.4,79.8,78.1,77.8,79.2,79.2
58.6,56.1,61.9,66.1,71.4,74.5,98.6,88.5,86.3,93.5,89.6,92,88.6,79.4,80.2,89.2,93,87.3,85.6,71,70.3,69.1,68,65.8,65.8,63.8,64.9,62.1,63.8,63.4,58.8,66.8,62.1,56.2,66.1,64.7,63.7,58.1,58.9,58.2,58.4,56.7,55.7,56,57.2,58.3,58.6,58.5,58.3,56.9,57.3,57.2,59,61.9,69.6,72.2,74.6,75.5,77,76.1,76.1,80.2,82.8,71.9,76.9,77.9,75.7,73.9,70.3,69.2,70.2,71.6,78.1,79.7,85.2,82.6,78.2,83,85,94.2,93,81.7,78,78.2,80.9,79.1
52.3,53.4,56.1,61.1,70.3,71.1,75.4,78.8,73.8,79.5,86.8,85.6,89.7,88.1,81.2,83.3,88.7,86.3,88.2,69.6,68.3,67.1,65.5,66.4,63.2,62.5,62.6,60.8,59.5,67,64,64.8,61.4,67,72.5,70.8,65.2,60.4,63.8,54.9,59,55.5,55.8,55,56,57.4,57.9,57.1,56.5,56.1,60.3,58.8,56.2,55.6,60.6,60.7,62.3,67.3,69.3,74.7,74.7,74.9,78.2,72.9,79,75.5,69.8,69.5,65,63.9,64.1,65.4,70.4,77.4,78.5,75.9,73.8,72.7,77.6,84.9,92,88.4,85.5,79.3,80.6,79.4
51,55.6,52.8,55.1,62.8,69,70.6,76.9,76.7,77.6,77.4,79.9,81.9,88.4,82.7,80.9,86.8,97.4,88.6,79.9,68,69.6,72.8,65.7,70.7,65.6,70.1,71,68.5,69.2,64.8,64.1,69.9,77.1,78.5,71.4,67.7,65.2,60.5,55.4,56.4,53.4,57,57.9,63.9,53.6,51.4,55.8,56.9,59.4,56.7,56,54.4,54.2,54,54.3,53.6,55.6,59.7,61.7,71.8,74.3,74.7,74.1,79.9,69.4,66.2,67.2,68.4,69.8,70.3,67.8,71.9,75,73.7,73.5,70.9,70.1,70.2,73.7,85.7,85.8,88,93,94.7,82.7
51,51.6,50.5,49.7,57.3,61.8,70.6,73.8,77.3,73.6,77.4,77.1,77.4,75,85.7,88,85.2,82.6,94.7,84.4,75.6,66.7,72,72,72.5,71.1,65.3,72.4,78.8,78.3,74.5,73.4,79,82.4,79.2,74.2,68.4,63.7,62.9,58.9,58.7,58,56.1,56.1,55.3,51.2,53.7,55.1,54.3,55.1,55,64.2,54.5,55.5,55.7,55,57.2,56.6,56,55.5,66.7,75.5,75.8,74.9,71.4,68.7,68.1,72.6,70.4,67.1,62,61.7,59.2,61,67,68.9,69.3,70.2,74.8,74.8,71.7,68.6,84.8,82.8,86.9,84
52.7,55.2,49.7,60.9,54.4,60.3,60.3,67.8,69.5,76.1,76,75.5,78.6,80.6,83.1,89.6,87.9,91.5,96.1,81.4,72.6,71.6,73.6,78.4,72.8,69.5,69.6,75.4,79.7,78.7,78.8,79.1,79.6,75.9,73.3,71.2,66.9,61.6,65.5,68.7,69.9,67.7,64.2,67.8,65.3,64.7,57.9,54.4,55.1,56,54.8,55.7,55.5,65.2,59.4,53.8,56.6,57.2,60.5,58.4,75,77.5,81.1,81.8,83.5,86.4,86.4,80.9,67.4,69.9,72.2,72.7,74.6,73.5,67.6,71.5,71.9,72.8,69.2,65.5,64.5,62.2,64.7,65.7,74.8,78.5
55.4,56.1,53.6,51,58.5,61,58.4,57.9,69.7,73.8,74.6,77.5,71.8,74.1,76.4,90,90.7,85.8,89.7,82.5,71.9,69.6,71.9,72.6,70.2,73.7,71.7,74.8,77.3,76.5,77.6,76.8,75.3,74.1,71.8,69.1,73.1,73,69.1,68.9,69.9,72.7,70.1,67,64.2,59.5,55.2,57.7,57.8,52.7,57.1,58.1,57.4,59.2,59.1,56.6,55.1,58.3,60.9,69.5,77.5,74.3,70.7,69.4,68,72.7,75.3,83,65.4,67.3,64.7,69.3,67.3,68.6,70.4,67.1,66.4,65.3,66.7,70.9,71.7,66.6,62.4,59.6,62.7,61.6
