demo/data/weather/current/current-wind-surface-level-gfs-1.0.json
{"header": {"discipline":0,"disciplineName":"Meteorological products","gribEdition":2,"gribLength":80238,"center":7,"centerName":"US National Weather Service - NCEP(WMC)","subcenter":0,"refTime":"2023-06-08T06:00:00.000Z","significanceOfRT":1,"significanceOfRTName":"Start of forecast","productStatus":0,"productStatusName":"Operational products","productType":1,"productTypeName":"Forecast products","productDefinitionTemplate":0,"productDefinitionTemplateName":"Analysis\/forecast at horizontal level\/layer at a point in time","parameterCategory":2,"parameterCategoryName":"Momentum","parameterNumber":3,"parameterNumberName":"V-component_of_wind","parameterUnit":"m.s-1","genProcessType":2,"genProcessTypeName":"Forecast","forecastTime":0,"surface1Type":100,"surface1TypeName":"Isobaric surface","surface1Value":100000,"surface2Type":255,"surface2TypeName":"Missing","surface2Value":0,"gridDefinitionTemplate":0,"gridDefinitionTemplateName":"Latitude_Longitude","numberPoints":65160,"shape":6,"shapeName":"Earth spherical with radius of 6,371,229.0 m","gridUnits":"degrees","resolution":48,"winds":"true","scanMode":0,"nx":360,"ny":181,"basicAngle":0,"lo1":0,"la1":90,"lo2":359,"la2":-90,"dx":1,"dy":1}, "data":
[rows 26 to 51 of 181, columns 118 to 176 of 360]
2.6373436,1.4673438,-0.85265625,-0.6926563,-0.8126562,-0.90265626,-0.64265627,-1.6026562,-4.072656,-5.1026564,-2.5726562,-2.0826561,2.2973437,2.9273438,2.6073437,2.9773438,2.8373437,1.5973438,0.31734374,3.3373437,1.2773438,-1.4326563,-2.8226562,-2.4526563,-2.7726562,-1.0926563,-0.14265625,-3.2826562,-1.6726563,-0.01265625,-0.66265625,-0.37265626,-1.3326563,2.4173439,0.24734375,-0.8126562,-0.8826563,-1.3126563,-0.32265624,0.50734377,-0.5026562,-2.9526563,1.0273438,0.72734374,0.6173437,0.11734375,-0.43265626,-0.74265623,-0.5626562,-3.0126562,-1.7726562,-1.8426563,-1.0626563,-1.7826562,-2.4126563,-0.9426563,-0.98265624,-1.6526562,-3.2826562
-0.54265624,0.76734376,-0.80265623,-1.3226563,-1.0426563,-1.4726562,-2.5726562,-3.3426561,-1.9226563,-2.6426563,-1.8126563,-1.9126563,-2.5926561,-1.4126563,-0.55265623,-0.29265624,-0.03265625,1.0873437,0.82734376,0.57734376,0.60734373,0.57734376,1.6373438,-1.4026562,-0.12265625,-1.1326562,-0.45265624,-0.13265625,0.23734374,0.71734375,2.3173437,0.07734375,-1.9826562,3.5473437,2.2473438,1.0173438,0.89734375,0.48734376,-0.06265625,0.49734375,3.1773438,2.7573438,2.1673439,1.0273438,-0.42265624,-1.6726563,0.03734375,-1.8226563,-0.8826563,0.26734376,-2.8926563,-3.7226562,0.24734375,1.1273438,-2.0526562,-2.6926563,-3.9826562,-4.212656,-2.4526563
1.1573437,1.2473438,0.75734377,1.2273438,2.9173439,2.8073437,3.0473437,1.4273437,-1.2626562,-1.6826563,-2.0026562,-2.4126563,-1.2326562,-1.3826562,-0.95265627,-0.10265625,-0.77265626,-0.45265624,-0.13265625,-1.0026562,-1.3126563,-0.45265624,-1.0026562,0.06734375,1.8373437,1.0273438,0.51734376,-0.92265624,0.58734375,1.0273438,1.6373438,-0.6826562,3.9673438,-0.36265624,3.0873437,1.4473437,-0.95265627,-0.09265625,2.8773437,2.7573438,3.5773437,2.8073437,2.5673437,-0.5626562,0.39734375,-2.3926563,-6.2026563,-3.2126563,-1.8826562,-3.0826561,-3.7726562,-1.5826563,-1.6826563,-1.8126563,-0.64265627,-1.5126562,0.7373437,-1.8526562,-6.0226564
0.88734376,1.0573437,0.08734375,2.3673437,-0.49265626,-2.1226563,-4.7526565,-2.2126563,-1.4926562,-0.52265626,-1.3526562,-1.7126563,-1.7126563,-1.5826563,-1.5426563,-1.0526563,-1.2426562,-0.29265624,-0.6326563,-3.2526562,0.49734375,-1.2826562,0.76734376,2.3773437,0.70734376,1.4273437,0.35734376,0.08734375,1.4973438,2.7773438,2.3473437,3.4573438,3.2773438,3.0273438,2.9273438,0.7373437,2.6473436,2.2573438,2.6273437,6.097344,3.7073438,0.95734376,0.28734374,1.7673438,1.2473438,-2.7026563,-3.7826562,-0.53265625,1.9873438,4.5873437,1.8073437,4.697344,1.5773437,1.5473437,-2.4926562,-6.4726562,-8.552656,-6.802656,-6.742656
3.5673437,1.9873438,1.5473437,-0.02265625,-1.0526563,-3.0826561,-1.2026563,1.6073438,1.5073438,-0.15265626,-0.78265625,-1.4926562,-0.90265626,-0.48265624,-0.32265624,0.9973438,0.76734376,0.03734375,-1.6726563,-1.4226563,-1.3326563,0.47734374,0.37734374,1.2073437,1.7973437,1.0173438,1.4373437,2.6473436,1.5673437,3.9273438,4.2273436,1.2773438,3.4573438,2.7173438,2.4773438,3.9373438,2.7073438,4.697344,3.3273437,2.3573437,0.77734375,-0.67265624,-2.0526562,-0.72265625,-1.0526563,-0.71265626,1.4973438,3.9473438,6.2673435,5.927344,4.1273437,0.64734375,-4.2326565,-8.062656,-9.042656,-8.672656,-8.912656,-11.7326565,-12.112657
1.3073437,0.12734374,-0.44265625,-0.71265626,-1.3126563,-2.1726563,-1.9526563,3.6873438,1.5373437,-0.19265625,-0.23265626,-0.43265626,-0.83265626,0.00734375,0.18734375,-0.12265625,-0.77265626,1.8773438,0.96734375,0.54734373,-1.8526562,0.46734375,0.9373438,-0.04265625,2.8673437,2.5473437,2.9773438,2.9973438,1.7373438,4.4973435,2.1473436,0.42734376,1.0873437,0.5573437,-2.1026564,0.57734376,1.3673438,1.4273437,0.5573437,-0.23265626,-1.1826563,-1.7226562,-2.8326561,-1.6326562,-1.3426563,0.9373438,3.8673437,3.9973438,1.1873437,-2.4326563,-3.6526563,-6.2726564,-9.302656,-10.432656,-10.402657,-11.222656,-12.202656,-11.512656,-9.852656
-1.5526563,-0.5626562,-1.4626563,-1.3126563,-2.0926561,-2.0426562,-1.5826563,-1.5526563,0.75734377,-1.5326562,-0.10265625,0.49734375,0.24734375,0.24734375,0.42734376,-1.2626562,0.01734375,0.60734373,-0.8126562,0.96734375,0.42734376,6.007344,3.7973437,2.9173439,2.9273438,3.2573438,3.4473438,4.5673437,4.637344,3.2673438,1.7673438,-0.35265625,-1.9826562,-4.262656,-6.112656,-6.6226563,-2.7326562,-0.45265624,-1.2626562,-1.6326562,-3.4626563,-4.4726562,-3.4426563,-1.3626562,-1.1426562,-4.342656,1.3673438,-2.5426562,-4.422656,-6.7326565,-8.032657,-9.422656,-11.392656,-11.142656,-11.572657,-11.622656,-10.862657,-9.9426565,-8.4426565
-0.6926563,-0.96265626,-1.2826562,-0.11265625,-0.70265627,-2.7926562,-2.1926563,1.0773437,-0.32265624,0.46734375,-2.1926563,-0.6226562,-0.6826562,-1.5126562,-0.47265625,0.51734376,2.3773437,1.8773438,2.6973438,4.117344,2.9473438,1.6973437,3.2373438,3.5873437,3.0673437,6.487344,6.387344,6.077344,5.007344,3.5473437,1.6873437,-0.66265625,-2.5626562,-5.1226563,-7.6426563,-9.122656,-9.092656,-3.9526563,-2.1526563,-3.0226562,-3.9226563,-3.8726563,-1.2326562,-2.5726562,1.4673438,-2.7326562,-3.9726562,-6.442656,-7.7326565,-10.172656,-9.882656,-11.332656,-11.412656,-11.752656,-10.902657,-11.022656,-9.932656,-8.852656,-7.902656
-2.9526563,-1.3326563,-2.1826563,-3.3926563,-3.5426562,-1.0826563,0.39734375,2.1173437,2.0173438,1.2973437,-0.20265625,2.2073438,0.46734375,2.1373436,2.6673439,3.9673438,4.077344,3.7473438,4.5873437,0.69734377,-2.4326563,1.5473437,5.4973435,2.2473438,7.927344,10.167344,9.167344,7.3773437,5.7773438,3.7473438,1.5673437,-0.08265625,-2.2226562,-4.6226563,-7.282656,-8.9426565,-9.4826565,-7.782656,-4.862656,-4.342656,-1.6126562,-2.2026563,-3.2626562,-3.2626562,0.17734376,-2.2026563,-8.152657,-9.302656,-9.262656,-10.832656,-10.952656,-11.522656,-11.542656,-10.9426565,-10.742657,-9.212656,-8.962656,-8.682656,-8.772656
-0.35265625,-1.4626563,-3.1326563,-3.5626562,-3.0226562,-1.6726563,-0.8226563,-0.22265625,1.0873437,2.8373437,2.3073437,1.6373438,0.69734377,1.9873438,1.9073437,-0.19265625,1.1973437,0.6873438,-7.282656,-3.1426563,-1.3426563,2.2673438,6.697344,8.707344,8.477344,12.547344,9.8073435,7.2273436,4.6873436,2.4673438,0.66734374,-0.16265625,-2.5226562,-4.3726563,-6.802656,-8.922656,-10.082656,-10.102656,-7.9126563,-4.4726562,-0.19265625,0.96734375,-2.4526563,-0.35265625,-0.5626562,-5.3326564,-8.492657,-9.252656,-9.052656,-11.242657,-11.472656,-11.542656,-11.292656,-11.4426565,-9.872656,-8.992657,-9.272656,-8.932656,-8.862657
-3.3226562,-3.5326562,-4.862656,-4.462656,-3.1426563,-2.0226562,-1.2726562,-0.6826562,0.15734375,-1.5226562,-0.64265627,2.8073437,0.50734377,-0.83265626,-0.5126563,-2.6226563,-2.2526562,2.1373436,1.5673437,-5.4126563,-5.2326565,-0.5026562,1.7073437,6.9973435,8.377344,7.1873436,9.537344,7.4773436,3.8973436,1.5373437,0.24734375,-0.95265627,-2.5026562,-5.3126564,-7.3526564,-9.052656,-10.362657,-12.652657,-10.222656,-1.9126563,-0.5726563,1.1273438,1.6073438,2.7373438,-1.9026562,-6.362656,-9.332656,-9.022656,-10.382656,-11.792656,-11.742657,-10.722656,-10.782657,-10.612657,-8.702656,-8.642656,-8.402657,-7.242656,-6.782656
-3.6926563,-3.0626562,-4.0426564,-3.9526563,-4.592656,-3.1326563,-0.22265625,1.8473438,2.5973437,2.1173437,2.4673438,1.5073438,7.3573437,0.76734376,0.8773438,-0.12265625,2.7273438,3.0673437,-3.0226562,-1.1126562,-0.74265623,3.0973437,2.9273438,1.1473438,7.347344,8.387343,10.117344,7.8573437,5.157344,1.4373437,-0.8126562,-2.5226562,-3.7026563,-5.632656,-7.5026565,-9.322657,-10.772656,-12.572657,-10.4826565,-3.7026563,0.35734376,2.6173437,0.71734375,-0.96265626,-3.2726562,-5.1226563,-8.142656,-9.202656,-9.742657,-9.882656,-11.212656,-10.752656,-9.672656,-9.242657,-8.572657,-5.2726564,-7.692656,-6.6426563,-6.652656
-4.262656,-4.822656,-3.7226562,-3.9726562,-3.3926563,-3.2326562,-1.6126562,-0.6826562,0.25734374,1.4073437,2.0873437,1.2973437,2.9273438,6.2773438,2.0573437,3.0873437,2.6273437,-0.17265625,-0.35265625,-1.7126563,1.6273438,1.7673438,6.9173436,3.2973437,2.7973437,5.8973436,10.317344,7.8573437,5.057344,1.9873438,-1.0526563,-2.6126564,-4.822656,-6.3726563,-7.282656,-8.7326565,-8.992657,-8.152657,-4.592656,0.13734375,-1.0626563,4.487344,1.2973437,-0.96265626,-3.6626563,-6.3126564,-6.9826565,-7.532656,-8.382656,-10.1926565,-10.052656,-10.102656,-10.302656,-9.142656,-8.312656,-8.342656,-6.5426564,-7.7326565,-6.6626563
-7.302656,-8.742657,-5.7526565,-5.5426564,-0.06265625,-0.00265625,-0.29265624,1.1673437,2.0773437,2.8173437,3.7373438,4.197344,1.9373437,2.0373437,2.3073437,3.1573439,-1.4326563,1.0573437,0.43734375,-0.10265625,1.3573438,3.3873436,4.7073436,4.237344,0.9273437,1.2173438,9.027344,7.0473437,4.367344,1.6073438,-1.0026562,-2.5226562,-4.242656,-6.442656,-6.922656,-7.3526564,-6.4526563,-5.7726564,-4.6626563,-2.6326563,4.347344,3.6073437,2.6873438,1.5273438,-2.1726563,-5.1226563,-7.132656,-7.512656,-8.7326565,-9.342656,-10.572657,-10.002656,-8.952656,-8.632656,-8.452656,-7.5026565,-7.1226563,-7.9326563,-7.402656
-8.252656,-8.1926565,-3.7926562,-3.9626563,-2.3626564,-1.4126563,0.13734375,1.0073438,4.0273438,1.6373438,2.2673438,2.4873438,2.4973438,1.3973438,1.8273437,3.8573437,2.9373438,0.18734375,0.8673437,-2.2226562,1.5173438,4.077344,3.2973437,4.8373437,2.3173437,6.3573437,2.2073438,4.5473437,3.7373438,1.2073437,-1.2826562,-2.4626563,-3.8726563,-5.0826564,-6.0426564,-6.512656,-6.672656,-8.832656,1.5573437,-3.4226563,-1.3526562,-0.37265626,0.59734374,2.4273438,-0.25265625,-3.2826562,-6.1626563,-7.6426563,-8.212656,-9.162656,-9.362657,-9.242657,-7.842656,-6.992656,-7.012656,-6.9326563,-6.742656,-6.5426564,-4.7926564
-8.622656,-6.8326564,-3.3226562,-3.3526564,-0.41265625,-0.46265626,5.6273437,2.8473437,4.7073436,5.7773438,1.0473437,2.8573437,2.8773437,3.2273438,0.85734373,0.52734375,2.4373438,2.1473436,0.21734375,0.66734374,1.3873438,4.037344,2.3573437,5.757344,-0.91265625,2.7373438,3.6373436,3.1973438,2.2573438,0.94734377,-0.29265624,-2.1226563,-3.5126562,-4.2026563,-4.9126563,-5.572656,-6.532656,-3.4726562,-3.2526562,-2.8626564,-1.8226563,-1.7126563,-1.1626563,0.46734375,0.94734377,-2.2826562,-4.902656,-7.532656,-7.552656,-8.172656,-7.462656,-8.402657,-7.362656,-6.692656,-6.2726564,-5.5226564,-4.902656,-3.7126563,-1.9426563
-7.942656,-6.0826564,-2.4026563,-2.0926561,-2.0026562,-0.80265623,4.097344,4.597344,4.657344,6.8773437,4.237344,4.5873437,3.3873436,1.8373437,6.1073437,5.097344,7.1873436,2.9473438,-0.6226562,2.8473437,2.9973438,0.7473438,2.5473437,1.1473438,2.8173437,-0.07265625,3.1173437,2.7673438,1.9073437,0.76734376,-0.65265626,-1.1526562,-2.2226562,-3.4326563,-4.6626563,-5.902656,-7.3126564,-2.9126563,-4.4126563,-3.2126563,-2.0426562,-0.83265626,-0.6226562,0.08734375,0.09734375,-0.36265624,-2.9526563,-5.462656,-6.302656,-5.9526563,-4.762656,-5.302656,-6.4726562,-5.9726562,-3.8726563,-3.2526562,-2.9026563,-2.1926563,-1.4226563
-8.582656,-5.652656,-5.132656,-3.6626563,-1.9026562,-1.5726563,3.5573437,3.2273438,4.347344,6.617344,3.6073437,4.3973436,3.5873437,6.3573437,7.177344,6.217344,2.4373438,2.6473436,3.6773438,3.0273438,1.1873437,-3.0326562,4.6273437,2.6873438,-1.3926562,-0.95265627,0.9373438,0.69734377,1.4073437,0.78734374,0.33734375,-0.71265626,-1.8426563,-3.3026562,-3.9526563,-4.462656,-4.4126563,-3.0326562,-2.2726562,-1.9826562,-1.6126562,-2.1526563,-2.5826561,-2.7626562,-2.0926561,-2.3126562,-2.2926562,-4.112656,-5.322656,-5.6026564,-5.2726564,-4.342656,-4.282656,-3.8626564,-3.8726563,-3.8226562,-3.3626564,-3.1926563,-2.8426561
-9.492657,-8.422656,-5.0226564,-4.572656,-1.7226562,-0.31265625,3.4873438,2.4173439,3.7073438,5.7073436,6.097344,0.30734375,4.3973436,3.8873436,1.3973438,0.25734374,2.1973438,4.467344,3.7673438,3.2473438,-0.37265626,0.40734375,2.7273438,3.1673439,2.2273438,0.01734375,-2.1626563,-2.0626562,-0.42265624,1.2073437,-1.4626563,-1.9226563,-1.1626563,-5.1626563,-4.462656,-3.6926563,-3.2726562,-1.7926563,-2.6126564,-2.4026563,-2.1426563,-2.9826562,-2.8026562,-3.0226562,-2.7426562,-2.0226562,-1.5526563,-1.9126563,-2.8126562,-3.7226562,-4.532656,-4.172656,-3.0026562,-3.5626562,-4.152656,-3.0626562,-2.5726562,-2.3226562,-1.9826562
-6.9126563,-4.282656,-4.0226564,-5.8726563,-1.5126562,-2.2326562,0.33734375,2.7473438,2.6273437,4.8773437,3.0873437,2.0173438,3.9373438,1.7573438,3.8873436,-2.7226562,5.407344,5.887344,2.4473438,0.33734375,1.3173437,1.6173438,0.6773437,-1.4726562,-1.7326562,-0.8126562,-3.8426561,-2.7426562,1.3873438,1.9473437,1.1373438,-0.8726562,-2.9626563,-5.0026565,-3.1526563,-3.5526562,-2.8526564,-2.4326563,-2.0426562,-3.6026564,-5.192656,-5.7726564,-3.5126562,-2.1326563,-2.2026563,-1.1626563,-0.98265624,-0.92265624,-1.4326563,-2.6926563,-2.8626564,-3.2026563,-2.4926562,-2.8026562,-3.3626564,-2.7226562,-2.9426563,-2.7126563,-2.7026563
-6.6226563,-5.942656,-4.5026565,-0.5626562,-4.172656,-4.442656,0.76734376,0.9273437,2.0673437,1.7073437,2.4973438,3.2573438,4.1273437,0.58734375,9.427343,6.5873437,4.657344,3.5173438,-1.9626563,-1.3126563,-0.5126563,-0.65265626,-0.6826562,-4.302656,-1.2626562,-0.92265624,-2.0126562,-0.05265625,3.9273438,1.6773437,2.8273437,-0.27265626,-1.7126563,-0.54265624,-3.6426563,-3.5026562,-2.4526563,-4.632656,-3.5626562,-2.5726562,-1.6626563,-1.3926562,-1.3726562,0.33734375,1.5973438,2.5573437,1.4273437,1.5873437,0.40734375,-1.1126562,-1.2926563,-1.6426562,-1.9726562,-1.7126563,-1.4826562,-2.0526562,-1.9726562,-2.5126562,-2.1526563
-7.072656,-8.342656,-5.442656,-5.942656,-1.1726563,-0.85265625,-0.42265624,-0.46265626,-0.07265625,-1.1526562,2.6573439,1.4773438,0.69734377,0.45734376,9.487344,4.7773438,-1.2926563,-0.85265625,1.9673438,1.8573438,2.6573439,1.7173438,-1.1526562,-0.44265625,2.6873438,2.5173438,2.5173438,5.5173435,7.1073437,5.8173437,2.4473438,-1.3726562,-3.0026562,-3.8926563,-3.3526564,-3.7026563,-4.5026565,-3.7926562,-3.8826563,-2.5526562,-1.0026562,-0.70265627,1.1673437,2.5373437,2.3473437,1.4573437,1.0073438,1.3373437,-0.39265624,-2.8526564,-1.6526562,-0.60265625,-0.92265624,-0.97265625,-1.8526562,-2.1026564,-1.9126563,-1.8626562,-1.5726563
-5.942656,-7.402656,-4.3726563,-5.462656,-2.7526562,-1.8026563,-0.38265625,-1.2326562,1.2373438,1.4873438,0.90734375,-1.1126562,-0.84265625,6.1873436,7.197344,6.0473437,6.2973437,6.0473437,4.4973435,3.5773437,2.7673438,3.8173437,0.51734376,3.8573437,3.2273438,1.4373437,5.3173437,6.827344,6.137344,2.2773438,-0.28265625,-2.4526563,-3.1126564,-4.112656,-4.4326563,-5.1426563,-5.2226562,-6.012656,-6.382656,-5.7526565,-3.1026564,-1.4226563,-1.8726562,-3.0926561,-1.2926563,-0.38265625,-0.42265624,-0.24265625,-0.18265624,0.20734376,0.66734374,-0.12265625,-1.7926563,-2.4826562,-2.4726562,-2.8326561,-3.3126562,-3.1626563,-2.4426563
-5.4126563,-5.322656,-7.922656,2.6673439,-2.6226563,-3.6126564,1.0373437,0.44734374,0.24734375,-0.32265624,0.64734375,1.6173438,-4.3126564,1.7373438,6.2473435,7.597344,8.167344,6.447344,6.237344,5.5873437,5.197344,2.0073438,-4.2226562,3.7373438,4.5273438,3.8673437,4.537344,4.177344,3.2673438,0.24734375,-2.4326563,-2.5826561,-4.0826564,-6.092656,-7.032656,-8.212656,-7.7326565,-8.4426565,-8.292656,-7.6026564,-4.8326564,-3.3226562,-1.9626563,0.70734376,6.947344,6.947344,7.327344,6.007344,5.467344,5.0173435,3.6673439,1.7073437,0.14734375,-1.1826563,-1.5226562,-1.4726562,-1.2726562,-0.71265626,-0.16265625
-2.9326563,-2.3826563,5.327344,3.4673438,-2.7626562,-3.3426561,-1.2726562,0.9373438,2.5773437,0.8173438,2.0673437,1.7073437,1.4373437,4.0273438,6.427344,9.337344,8.537344,7.347344,5.787344,4.967344,2.6473436,0.25734374,-1.9326563,2.7773438,7.157344,6.637344,5.867344,3.4273438,1.2273438,-0.48265624,-3.0426562,-4.092656,-6.7326565,-8.2326565,-9.022656,-10.362657,-10.032657,-7.2226562,-6.512656,-1.4426563,2.9773438,4.827344,5.7673435,5.487344,5.757344,8.387343,10.137343,9.5573435,7.037344,4.2973437,3.4873438,2.7373438,1.8073437,1.4873438,1.3473438,1.7773438,1.8973438,1.9673438,1.9073437
6.577344,5.827344,4.887344,-0.83265626,-0.25265625,-0.19265625,5.387344,5.507344,6.5673437,2.1173437,2.0273438,-3.1626563,0.20734376,4.4773436,7.3973436,9.647344,9.797344,7.9773436,5.9973435,4.467344,2.3273437,-0.45265624,1.9673438,4.447344,4.367344,6.3173437,4.7073436,2.1873438,-0.5626562,-3.4926562,-5.6426563,-7.8726563,-9.582656,-10.662656,-10.252656,-8.772656,-4.5226564,-3.4926562,-2.3726563,-0.52265626,2.7173438,3.9673438,4.8773437,5.9573436,6.6873436,4.6073437,5.6273437,8.097343,5.7773438,5.197344,4.827344,2.6273437,1.9473437,1.2073437,0.95734376,1.5373437,1.6073438,0.89734375,1.5173438
