demo/data/weather/current/current-total_precipitable_water-surface-level-gfs-1.0.json
{"header": {"discipline":0,"disciplineName":"Meteorological products","gribEdition":2,"gribLength":98339,"center":7,"centerName":"US National Weather Service - NCEP(WMC)","subcenter":0,"refTime":"2023-06-08T06:00:00.000Z","significanceOfRT":0,"significanceOfRTName":"Analysis","productStatus":0,"productStatusName":"Operational products","productType":0,"productTypeName":"Analysis products","productDefinitionTemplate":0,"productDefinitionTemplateName":"Analysis\/forecast at horizontal level\/layer at a point in time","parameterCategory":1,"parameterCategoryName":"Moisture","parameterNumber":3,"parameterNumberName":"Precipitable_water","parameterUnit":"kg.m-2","genProcessType":0,"genProcessTypeName":"Analysis","forecastTime":0,"surface1Type":200,"surface1TypeName":"Entire atmosphere layer","surface1Value":0,"surface2Type":255,"surface2TypeName":"Missing","surface2Value":0,"gridDefinitionTemplate":0,"gridDefinitionTemplateName":"Latitude_Longitude","numberPoints":65160,"shape":6,"shapeName":"Earth spherical with radius of 6,371,229.0 m","gridUnits":"degrees","resolution":48,"winds":"true","scanMode":0,"nx":360,"ny":181,"basicAngle":0,"lo1":0,"la1":90,"lo2":359,"la2":-90,"dx":1,"dy":1}, "data":
[rows 135 to 161 of 181, columns 183 to 243 of 360]
7.823669,8.268469,9.321269,9.729269,9.702068,9.817268,10.082869,9.870069,9.874868,10.298869,10.7548685,10.882869,11.169269,11.462069,11.639668,12.844469,12.988469,12.681269,12.466868,12.756469,13.025269,12.529269,11.186869,10.921268,11.022069,10.961268,10.826869,11.500469,14.535668,13.5020685,12.478068,14.738869,16.96127,17.866869,13.684469,14.167668,17.622068,17.412468,18.050869,21.84447,22.48927,19.982069,17.62847,16.324469,14.322868,12.654069,11.305268,11.514869,11.460468,10.8812685,10.828468,10.868468,9.802869,9.762869,9.385269,9.066869,9.113269,9.545269,9.431668,9.305268,9.270069
8.804469,8.716469,8.521269,8.2604685,8.673268,9.116468,9.454069,9.578869,9.001268,9.457269,9.161269,9.263669,9.465269,9.481269,9.945269,10.430069,11.690868,12.623669,12.999669,12.167668,11.122869,11.812469,13.378869,13.193269,11.060469,10.753269,11.023668,11.937269,11.223669,14.127668,13.980469,13.5420685,15.175669,16.484468,15.890869,13.242868,12.385269,15.782069,17.12127,18.543669,19.59487,19.28127,19.59327,18.898869,16.21407,14.034869,12.631669,11.826869,11.486069,11.182069,11.359669,11.425269,11.401269,10.116468,9.761269,9.657269,9.338869,9.206069,9.410869,9.212469,9.927669
9.017269,9.135669,9.460468,9.679668,9.524468,9.822069,9.812469,9.745269,10.438068,10.0652685,9.356469,8.743669,9.092469,8.730868,9.449268,9.822069,9.279669,10.250869,10.412469,10.583669,10.428469,9.839668,10.817268,12.330869,13.5996685,14.161269,12.713268,11.846068,11.956469,12.218869,13.806068,13.455668,13.626869,13.791669,16.609268,15.326069,13.174068,10.167668,12.534069,17.769268,19.473269,19.27167,19.335669,21.151669,21.300468,18.129269,16.42047,14.433269,14.022069,13.111669,12.558068,11.614069,12.399669,10.986869,10.375669,11.074869,11.049269,10.414069,10.610868,10.159669,9.574069
10.082869,9.658869,9.206069,9.319669,9.276468,9.729269,10.116468,10.487669,10.970869,11.5020685,11.902069,11.4732685,10.671669,10.668468,10.359669,10.430069,9.990068,9.458869,9.487669,9.102069,9.474869,9.4732685,9.718069,10.250869,10.396469,13.090869,14.071669,13.327669,12.159669,11.612469,12.150068,13.545269,13.303669,11.375669,13.122869,16.698868,14.532469,13.052468,9.332469,9.356469,11.798069,12.674869,14.086069,15.572469,16.631668,17.713268,19.60447,21.609268,18.934069,16.72127,16.01887,15.441269,15.338869,14.114869,14.049269,13.321269,14.025269,14.642869,14.534069,13.350069,11.674869
11.801269,12.711669,12.858869,12.975669,10.369268,10.694069,10.263669,9.868468,9.577269,9.156468,9.778869,10.540469,10.652469,10.572469,11.255669,11.793269,11.794868,11.601269,11.148469,10.681269,9.988469,9.018868,9.682869,10.695669,11.4732685,10.119669,12.617269,12.921268,13.282868,12.327669,11.796469,10.537269,12.849269,13.465269,13.068469,14.735669,14.860469,14.887669,14.964469,11.516469,9.236468,8.324469,8.463669,9.004469,9.215669,11.330869,13.774069,15.769269,19.378868,20.359669,20.33087,20.793268,19.228468,17.830069,19.142069,19.724468,19.759668,18.45567,17.96127,15.186869,15.316469
20.521269,21.34047,21.153269,20.486069,20.401268,19.94847,19.692469,18.91487,18.610868,18.46687,18.60447,18.36287,18.83647,17.82367,17.59327,14.663669,12.558068,11.066869,12.350069,12.118069,12.079669,11.482869,10.780469,10.574069,10.713268,11.471669,11.476469,11.846068,13.031669,13.046069,12.879669,12.118069,10.393269,11.223669,13.426868,13.874868,14.2204685,14.302069,14.569269,14.926068,15.252469,13.174068,10.870069,10.3468685,9.977269,9.2892685,9.950068,11.620469,12.830069,14.972468,16.642868,17.988468,18.26207,18.23807,18.814068,20.234869,19.729269,19.66207,18.66367,18.289268,19.090868
20.86847,20.67327,20.406069,19.567669,19.463669,18.809269,18.009268,15.746869,15.514869,16.023668,15.454069,16.575668,16.63807,16.76447,17.58047,18.186869,18.292469,16.35167,13.460468,10.702068,11.630069,12.138868,11.972468,12.002869,11.631669,10.438068,10.692469,10.378869,12.257269,13.438068,13.279669,12.351668,12.873269,11.919669,10.327669,10.681269,13.356469,13.366069,13.282868,14.078069,14.305268,14.775669,14.596469,13.201269,13.380468,13.430069,13.306869,12.286069,11.356469,11.953269,13.826869,15.510069,15.5708685,18.08767,18.92767,19.23647,20.103668,19.105268,18.668468,18.658869,19.82367
18.59327,17.703669,17.14367,15.6972685,15.031669,15.433269,14.609269,13.481269,12.710069,12.254068,12.124469,12.073269,12.786869,13.108469,13.817268,14.700469,15.710069,16.52447,17.21247,17.218868,17.497269,12.257269,11.407669,11.041268,11.190069,11.606069,11.642869,10.806068,10.684469,10.846068,11.665269,12.300468,12.602869,13.559669,12.945269,12.519669,11.273269,9.535668,10.404469,14.305268,15.569269,16.694069,16.310068,16.151669,15.745269,15.724469,15.233269,15.916469,15.612469,14.314869,12.967669,13.217269,12.863668,13.156468,14.2892685,16.218868,16.199669,16.602869,16.404469,16.87967,14.719668
12.263669,11.948469,11.586868,11.497269,11.420468,10.9388685,10.604468,10.428469,10.052468,9.975669,9.924469,9.950068,10.663669,12.294068,12.174068,11.958069,12.078069,12.4732685,12.330869,12.970869,14.154869,15.842869,17.090868,16.60447,15.050869,13.980469,12.100469,11.209269,11.375669,11.358068,10.937269,11.551669,12.326069,12.631669,13.078069,13.806068,13.322868,13.351668,12.404469,11.154869,9.446069,9.222069,9.558068,11.865269,13.026869,13.034869,14.6972685,14.721269,15.300468,14.681269,15.167668,14.479669,15.814069,16.59167,17.073269,15.198069,14.230069,12.479669,11.705269,11.041268,8.711669
6.5548687,6.932469,7.076469,7.1372685,7.250869,7.6380687,7.665269,8.161269,8.033269,8.185268,8.535668,7.6892686,6.9916687,7.3740687,7.3420687,7.2012687,8.409268,9.594869,10.889269,11.180469,11.345269,10.526069,11.326069,12.010869,13.113269,14.774069,16.361269,14.759668,12.826869,12.052468,11.0652685,11.524468,11.247669,12.225268,12.866869,12.686069,13.278069,14.342069,13.714869,13.729269,13.460468,12.660469,11.428469,10.751669,8.874868,7.3900685,6.409269,5.599669,6.1692686,8.527669,9.818869,10.983668,11.215669,10.708468,10.615668,9.0076685,8.073269,8.084469,7.9516687,7.9228687,8.257269
7.582069,7.7644687,7.6236687,7.6412687,7.5148687,7.377269,7.148469,6.842869,6.5260687,6.823669,6.9996686,7.0972686,7.1660686,7.124469,8.521269,8.316469,7.8012686,7.095669,6.5884686,7.0716686,7.134069,7.044469,7.799669,10.0652685,10.023668,10.423669,11.108469,12.271668,14.430069,15.423669,15.833269,14.782069,11.804469,11.284469,11.294068,11.239669,11.396469,11.479669,12.890869,13.719668,14.577269,14.138868,13.950068,13.822069,13.302069,12.775669,11.798069,10.926068,10.644468,10.313269,9.652469,9.233269,8.511669,7.452469,7.0204687,7.297269,8.042869,8.876469,9.431668,9.876469,10.178868
7.354869,7.2268686,7.022069,6.806069,6.726069,6.687669,6.4428687,6.2924685,6.1516685,6.1004686,6.2476687,6.058869,5.943669,6.124469,6.6092687,6.604469,6.4332685,6.282869,6.311669,7.222069,6.759669,7.018869,6.5228686,6.130869,7.3900685,9.034869,9.254068,9.574069,10.457269,10.538869,11.263669,12.310069,13.918069,13.950068,12.002869,11.9788685,11.452469,11.175669,11.199669,11.586868,12.018868,13.380468,14.4156685,15.161269,15.247669,14.638069,13.772469,13.402869,13.425269,13.170869,12.612469,12.314869,12.087668,11.678069,11.5420685,11.426868,11.484468,11.698869,11.820469,11.241269,10.641269
6.0572686,6.2556686,6.1580687,5.863669,5.3132687,6.182069,5.585269,6.4876685,5.9676685,7.159669,6.4364686,6.860469,7.1612687,7.070069,6.5116687,7.3932686,6.7868686,6.423669,6.8508687,6.679669,7.300469,7.625269,7.334069,7.188469,6.993269,7.716469,8.625269,8.937269,9.137269,9.146869,9.129269,8.982069,9.082869,9.5708685,10.338869,11.551669,12.447669,12.364469,12.356469,12.206069,11.454069,10.990068,11.268469,13.1340685,15.118069,15.447669,15.447669,15.5420685,15.519669,14.727669,14.190069,14.228469,13.913269,13.294068,13.132469,12.874868,12.671669,12.607669,12.548469,12.338869,11.858869
5.2636685,5.196469,5.185269,4.7676687,5.095669,4.4764686,4.5804687,4.9308686,4.662069,5.6380687,5.708469,5.730869,5.828469,5.6860685,6.1356688,7.070069,6.9916687,6.4652686,6.1180687,5.6892686,6.585269,7.300469,7.5724688,6.734069,6.906869,6.668469,6.556469,6.6492686,6.9132686,6.2556686,5.438069,5.7788687,5.986869,5.506869,5.380469,5.1868687,5.242869,6.047669,7.510069,8.518068,9.518068,10.572469,11.606069,12.137269,11.279669,11.481269,12.927669,14.234869,14.799668,15.302069,15.494069,15.598069,15.242868,15.167668,14.607669,14.436469,14.114869,14.175669,14.3468685,14.457269,14.020469
4.4572687,4.332469,4.066869,3.9580688,4.095669,3.9628687,4.0636687,4.127669,4.1036687,4.751669,5.314869,5.3468685,4.9084687,4.553269,4.6556687,5.780469,6.5692687,6.690869,5.8156686,5.332469,4.918069,5.2908688,5.889269,5.7964687,4.9964685,4.5804687,4.5084686,4.148469,3.7612689,3.4732687,3.1820688,4.8940687,4.260469,3.8172688,3.8092687,4.0860686,4.3356686,4.2300687,3.9932687,3.8748686,3.6924686,3.6236687,4.334069,5.3308687,6.3356686,7.6124687,9.039669,9.865269,10.710069,12.281269,14.055669,14.812469,15.126069,15.420468,15.481269,15.574069,15.406069,15.193269,15.263669,15.202868,15.066869
3.6940687,3.5100687,3.5980687,3.5004687,3.6172688,3.4540687,3.6492689,3.5212688,3.7788687,3.8236687,3.9564688,4.1212687,4.1004686,4.2524686,4.4252687,4.5916686,5.550069,7.076469,6.2620687,5.737269,5.130869,4.5292687,4.412469,4.332469,4.305269,4.394869,4.319669,3.9452686,3.6236687,3.5068688,3.2620687,3.4716687,3.5644689,4.0940685,4.4796686,4.441269,4.676469,4.7324686,4.4332685,4.3468685,4.178869,3.8236687,3.8364687,4.030069,4.015669,3.9244688,3.8620687,4.4396687,5.366069,7.081269,9.388469,11.412469,12.868468,14.2204685,14.694069,14.937269,15.263669,15.409268,15.556469,15.654069,15.591669
3.1724687,3.1116688,2.8524687,2.9788687,2.9276688,3.0716689,3.1964688,3.1628687,3.4668686,3.7788687,3.5500689,3.2796688,3.3644688,3.5228686,3.9228687,4.734069,4.6780686,5.8476686,5.9660687,5.8124685,5.2812686,4.983669,4.4476686,4.3932686,4.423669,4.362869,3.9036686,3.3196688,3.1708686,3.5996687,4.1356688,4.090869,4.2156687,4.274869,4.033269,4.0348687,4.0572686,3.8780687,3.7132688,3.4972687,3.3100688,3.3052688,3.2860687,3.3388689,3.4252687,3.5308688,3.9692688,3.8732688,3.8332686,4.4220686,4.5548687,4.8364687,4.8268685,7.610869,11.180469,13.465269,14.294068,14.575668,14.807669,14.794868,14.577269
2.6556687,2.6156688,2.5916688,2.6220686,2.6348689,2.5676687,2.6092687,2.8060687,2.8476686,2.7948687,2.8380687,2.9932687,3.8700688,3.8732688,3.8956687,3.7820687,4.153269,5.423669,5.0140686,5.0636687,4.5436687,5.0572686,5.178869,4.9660687,4.644469,4.460469,4.2732687,3.7020688,3.1884687,3.1020687,3.1692688,3.1196687,2.9964688,2.9196687,3.0412688,3.2252688,3.2956688,3.2508688,3.2012687,3.1356688,3.0124688,2.8380687,2.6652687,2.6316688,2.5212688,2.7388687,3.5804687,3.7708688,3.5660686,3.5772688,4.145269,4.5084686,4.5692687,4.814069,4.7692685,5.6204686,8.8236685,12.154869,13.631669,13.934069,13.666869
2.7708688,2.8412688,2.8732688,2.9068687,2.9244688,2.8892686,2.6156688,2.4188688,2.2604687,2.3964686,2.3548687,2.1244688,2.6844687,2.9164689,2.7788687,2.7404687,3.3644688,3.7180688,4.0108685,4.348469,4.990069,5.2044687,5.4572687,5.294069,5.265269,4.9820685,4.7436686,4.047669,3.4668686,3.3884687,3.1852686,2.9052687,2.6892688,2.6092687,2.6012688,2.5884688,2.6284688,2.5740688,2.5468688,2.4380689,2.4172688,2.3036687,2.1836689,2.2988687,2.2156687,2.7516687,3.3260686,3.3036687,2.6508687,2.6524687,3.0076687,3.9484687,4.214069,4.8508687,4.622069,5.174069,5.7292686,7.8300686,10.142069,11.649269,12.111669
3.0764687,3.1164687,3.1884687,3.2380688,3.2524688,3.2204688,3.1564689,3.0956688,2.8716688,2.4524686,2.0156689,1.7132688,1.8396688,1.9564687,2.3692687,2.4124687,2.9740686,3.0604687,3.0092688,2.7132688,2.7756689,3.3356688,4.834869,4.846069,4.438069,4.503669,4.498869,3.8364687,3.3516688,2.9884686,2.6796687,2.5404687,2.3980687,2.2284687,2.2092688,2.0268688,1.9916687,1.9388688,1.9244688,1.8764688,1.8540688,1.8668687,2.2204688,2.5052688,3.0044687,3.1548688,2.7388687,2.5308688,2.6492689,2.8796687,2.9980688,3.6940687,4.1980686,4.745269,4.914869,5.2444687,5.8684688,7.110069,8.5996685,10.202868,10.622068
3.2396688,3.2636688,3.2636688,3.2876687,3.2780688,3.2236688,3.1852686,3.1276689,3.0252688,2.9612687,2.7644687,2.4460688,1.9500687,1.6044687,1.5740688,1.6444688,2.0892687,2.5276687,2.9340687,2.8716688,2.9052687,3.1788688,3.3612688,3.4668686,3.4684687,3.3724687,3.1820688,2.9068687,2.6556687,2.4444687,2.2972689,2.1532688,1.9788687,1.7436688,1.6284688,1.6652688,1.6700687,1.6364688,1.5388688,1.5516688,1.4972688,2.1196687,2.5452688,2.8956687,3.1292686,3.4252687,4.958069,5.561269,5.2588687,4.6556687,4.506869,4.8508687,5.1836686,5.3276687,5.231669,5.788469,6.3900685,7.751669,8.854069,9.044469,8.860469
2.9884686,3.1868687,3.2588687,3.2876687,3.2668688,3.1484687,3.0124688,2.8716688,2.7676687,2.6588688,2.6140687,2.5564687,2.4300687,2.1532688,1.5772687,1.0876688,1.0588688,1.2908688,1.6588688,2.0044687,2.1660688,2.2508688,2.3148687,2.3068688,2.2844687,2.3132687,2.2220688,2.0732687,1.8748688,1.5772687,1.2588687,1.1340687,1.1500688,1.2124687,1.2508688,1.2316687,1.2044687,1.1308688,1.1260687,1.1052687,1.3724687,2.2684689,2.5564687,2.9020689,3.2572687,3.7916687,5.662069,6.705269,6.271669,5.9660687,5.6748686,5.2988687,5.3532686,5.503669,6.2764688,7.246069,7.8508687,7.458869,7.3420687,7.174069,6.802869
3.1132689,3.2140687,3.2172687,3.1612687,3.1116688,3.0684688,3.0172687,2.9420688,2.8556688,2.7164688,2.5980687,2.5148687,2.4156687,2.3356688,2.2172687,1.9436687,1.5180688,1.1788688,1.0348687,0.98686874,0.96926874,0.96286875,0.94526875,0.9500688,0.9612687,0.9820688,1.0220687,1.0812688,1.1660688,1.2668687,1.3580687,1.4268688,1.5068687,1.6012688,1.6732688,1.6348687,1.4780687,1.2252687,1.1260687,1.0684688,1.3628688,2.0636687,2.5020688,2.8076687,3.0892687,3.4188688,3.6156688,4.1612687,5.1292686,5.687669,6.0540686,6.351669,6.4684687,6.3676686,6.2492685,6.0092688,5.9740686,5.881269,5.737269,5.4652686,5.2012687
3.1628687,3.1900687,3.1564689,3.2892687,3.3228688,3.2652688,3.3148687,3.2732687,3.1628687,3.0572689,2.9644687,2.7196689,2.5836687,2.4940689,2.3932688,2.2892687,2.1676688,1.9836688,1.7564688,1.5868688,1.4924687,1.4540688,1.4588687,1.4940687,1.5532688,1.6140687,1.6908687,1.7852688,1.8684688,1.8908688,1.8748688,1.8476688,1.8012687,1.7308687,1.6492687,1.5564687,1.5228688,1.4284687,1.1676687,1.0444688,1.1900687,1.5564687,2.0380688,2.4940689,2.8012688,2.9964688,3.1340687,3.3292687,3.6572688,3.9756687,4.2236686,4.329269,4.4140687,4.5772686,4.6348686,4.6316686,4.630069,4.4940686,4.2988687,4.0284686,3.4892688
3.3100688,3.4172688,3.4620688,3.6044688,3.4252687,3.3340688,3.2780688,3.2124689,3.1452687,3.0604687,3.0044687,2.9436688,2.8860688,2.6972687,2.5580688,2.4220688,2.3180687,2.2380688,2.1756687,2.1196687,2.0940688,2.0812688,2.0668688,2.0652688,2.0620687,2.0460687,2.0188687,1.9852687,1.9452688,1.9020687,1.8492688,1.7900687,1.7196687,1.6412687,1.5676688,1.4844687,1.4348687,1.3756688,1.3292687,1.0556687,1.0908687,1.2860688,1.5148687,1.8300687,2.0556688,2.3452687,2.3324687,2.4252687,2.5820687,2.7212687,2.8892686,3.0028687,3.0748687,3.0924687,3.0652688,2.9356687,2.7052689,2.3340688,2.0172687,1.7884687,1.5836687
3.7340686,3.7228687,3.6924686,3.5868688,3.4524686,3.3740687,3.3564687,3.3212688,3.2428687,3.1708686,3.0956688,3.0284688,2.9612687,2.9356687,2.7852688,2.6060688,2.4476688,2.3660688,2.3388689,2.3292687,2.2924688,2.2396688,2.1820688,2.1292686,2.0780687,2.0284688,1.9724687,1.9132688,1.8460687,1.7756687,1.6796688,1.5964688,1.5292687,1.4604688,1.4060688,1.3532687,1.3468688,1.3244687,1.3244687,1.2140688,1.0668688,1.1468687,1.3004688,1.4444687,1.6668688,1.8412688,1.8572687,1.8268688,1.7276688,1.6252687,1.5756687,1.5740688,1.5708687,1.5628687,1.5404687,1.5036688,1.4460688,1.3708688,1.2988688,1.2412688,1.2876687
3.4924688,3.3724687,3.3564687,3.4524686,3.4348688,3.4204688,3.4076688,3.4076688,3.3564687,3.2956688,3.2348688,3.1500688,3.0492687,2.9676688,2.9052687,2.8556688,2.7260687,2.6012688,2.5004687,2.4188688,2.3436687,2.2828689,2.2316687,2.1772687,2.1340687,2.1004686,1.9948688,1.7740687,1.6588688,1.5692687,1.4732687,1.3948687,1.3340688,1.2828687,1.2620687,1.2476687,1.2316687,1.2380687,1.2668687,1.2620687,1.1292688,1.1020688,1.1100688,1.1852688,1.2828687,1.3612688,1.3932687,1.4028687,1.3932687,1.3708688,1.3596687,1.3100687,1.2252687,1.1644688,1.1532687,1.1484687,1.1196687,1.1148688,1.1596688,1.3612688,1.7356688
