demo/data/weather/current/current-precipitation_rate-isobaric-1000hPa-gfs-1.0.json
{"header": {"discipline":0,"disciplineName":"Meteorological products","gribEdition":2,"gribLength":50115,"center":7,"centerName":"US National Weather Service - NCEP(WMC)","subcenter":0,"refTime":"2023-06-08T06:00:00.000Z","significanceOfRT":1,"significanceOfRTName":"Start of forecast","productStatus":0,"productStatusName":"Operational products","productType":1,"productTypeName":"Forecast products","productDefinitionTemplate":0,"productDefinitionTemplateName":"Analysis\/forecast at horizontal level\/layer at a point in time","parameterCategory":1,"parameterCategoryName":"Moisture","parameterNumber":7,"parameterNumberName":"Precipitation_rate","parameterUnit":"kg.m-2.s-1","genProcessType":2,"genProcessTypeName":"Forecast","forecastTime":0,"surface1Type":1,"surface1TypeName":"Ground or water surface","surface1Value":0,"surface2Type":255,"surface2TypeName":"Missing","surface2Value":0,"gridDefinitionTemplate":0,"gridDefinitionTemplateName":"Latitude_Longitude","numberPoints":65160,"shape":6,"shapeName":"Earth spherical with radius of 6,371,229.0 m","gridUnits":"degrees","resolution":48,"winds":"true","scanMode":0,"nx":360,"ny":181,"basicAngle":0,"lo1":0,"la1":90,"lo2":359,"la2":-90,"dx":1,"dy":1}, "data":
[rows 68 to 101 of 181, columns 156 to 233 of 360]
1.6E-6,8.8E-6,2.24E-5,4.32E-5,2.24E-5,8E-7,8E-7,2.96E-5,1.28E-5,1.44E-5,1.6E-6,1.28E-5,3.68E-5,6.4E-6,6.4E-6,3.2E-6,1.84E-5,4E-6,0,0,2.56E-5,1.44E-5,0,0,0,0,4E-6,0,0,0,4.8E-6,1.84E-5,1.12E-5,0,8E-7,4.56E-5,8.8E-6,1.6E-5,5.6E-6,1.2E-5,8E-7,0,0,0,1.2E-5,1.6E-5,0,0,0,0,0,0,2.4E-6,4E-6,0,0,0,8E-7,0,8.8E-6,1.84E-5,2.4E-6,8E-7,3.2E-6,4.8E-6,9.6E-6,7.2E-6,8E-6,2.32E-5,2.8E-5,2.8E-5,1.44E-5,6.4E-6,8E-6,5.6E-6,3.2E-6,2.4E-6,8E-7
0.00012,2.4E-6,0,6.4E-6,9.6E-6,3.2E-6,1.6E-6,8E-6,2.4E-6,3.12E-5,2.8E-5,4.16E-5,1.2E-5,8E-6,1.2E-5,2.4E-6,8E-5,3.28E-5,4.16E-5,2.4E-6,1.12E-5,1.84E-5,2.88E-5,0.0001368,3.2E-5,4.08E-5,6.56E-5,0.00012,7.28E-5,4E-6,3.52E-5,5.6E-6,6.4E-6,1.6E-6,1.84E-5,7.2E-6,8E-7,1.52E-5,1.12E-5,2.4E-6,5.6E-6,8E-7,1.6E-6,0,9.6E-6,4E-6,0,8E-7,8E-7,0,0,0,1.6E-6,8E-7,0,8E-7,1.6E-6,1.6E-6,1.28E-5,1.52E-5,1.12E-5,8E-7,8E-7,3.2E-6,9.6E-6,0,5.6E-6,1.44E-5,1.84E-5,1.28E-5,1.6E-6,1.04E-5,1.2E-5,4E-6,4E-6,8E-7,2.4E-6,0
0.0003752,1.44E-5,6.4E-6,6.4E-6,4.8E-6,1.6E-5,5.6E-6,5.6E-6,2.4E-6,4E-6,0.0001016,2.4E-5,0.0001128,8E-7,0.0001832,0.0001232,1.12E-5,3.44E-5,4.4E-5,4.72E-5,1.6E-6,8E-7,1.76E-5,0.0001288,0.0001296,9.84E-5,3.52E-5,7.2E-6,9.52E-5,0.000116,8.88E-5,2.4E-6,3.2E-6,8E-7,2.4E-6,8E-7,2.4E-6,8.8E-6,4.8E-6,1.6E-6,6.4E-6,8E-6,2.8E-5,4.8E-6,8E-7,5.2E-5,3.2E-6,3.2E-6,3.2E-6,1.6E-6,8E-7,8E-7,8E-7,0,8E-7,8E-7,8E-7,8.8E-6,6.4E-6,1.36E-5,1.76E-5,7.2E-6,8.8E-6,4E-6,4E-6,3.2E-6,1.6E-6,3.2E-6,1.04E-5,1.6E-6,1.6E-6,4E-6,8E-6,4E-6,8E-7,2.4E-6,3.2E-6,8E-6
0.0004912,9.04E-5,8E-7,2.4E-6,1.52E-5,7.2E-6,4.8E-6,2.64E-5,7.12E-5,4E-6,7.52E-5,1.68E-5,2.8E-5,8.8E-6,8.8E-6,9.76E-5,5.12E-5,0.0001056,0.000128,0.000172,2.4E-5,8E-7,3.6E-5,3.84E-5,5.84E-5,4.08E-5,3.2E-6,7.68E-5,0.0001192,4E-6,0,0,5.6E-6,1.44E-5,4.72E-5,1.68E-5,1.28E-5,8E-6,8E-6,1.76E-5,5.12E-5,5.76E-5,2.64E-5,7.2E-6,5.6E-6,1.2E-5,8E-7,0,4E-6,8E-7,1.6E-6,4E-6,1.6E-6,8E-7,1.6E-6,2.4E-6,1.6E-6,6.4E-6,7.2E-6,1.12E-5,1.52E-5,8.8E-6,4E-6,5.6E-6,0,8E-7,0,0,0,0,0,4.8E-6,8.8E-6,4E-6,7.2E-6,3.2E-6,8.8E-6,1.6E-6
0.0003944,0.000136,8.32E-5,8E-7,8.8E-6,1.2E-5,8.8E-6,8E-6,8.64E-5,2.16E-5,7.2E-6,0,0.00018,2.24E-5,2.88E-5,8.4E-5,0.000104,0.000128,0.0001976,0.0001056,0.0001152,3.68E-5,4E-6,0,3.92E-5,0.0001112,0.0001112,2.32E-5,5.52E-5,2.88E-5,2.16E-5,0,1.2E-5,1.84E-5,1.28E-5,2.64E-5,2.16E-5,1.84E-5,2.96E-5,4.64E-5,0.0001208,3.68E-5,8E-7,0,0,0,0,0,0,0,1.6E-6,3.2E-6,5.6E-6,2.4E-6,2.4E-6,1.6E-6,3.2E-6,2.4E-6,3.2E-6,8E-6,4.8E-6,5.6E-6,8E-6,6.4E-6,1.12E-5,8E-7,0,0,0,0,0,0,0,3.2E-6,1.6E-6,0,8E-7,4.8E-6
0.0004704,0.0001128,0.0001048,2.16E-5,3.2E-6,8E-7,1.6E-6,8E-7,3.2E-6,8.8E-6,9.6E-6,4E-6,2.4E-6,8E-7,1.04E-5,6.4E-6,2E-5,5.84E-5,3.44E-5,8E-6,8.56E-5,0.0001072,4.88E-5,4.4E-5,4E-6,1.6E-6,2.88E-5,8.08E-5,0.0002312,0.0001,5.2E-5,9.6E-6,3.2E-6,1.44E-5,2.4E-6,4.8E-6,4.8E-6,7.2E-6,2.16E-5,3.2E-6,4.64E-5,3.44E-5,2.4E-6,3.2E-6,0,8E-7,0,8E-7,0,0,8E-7,4E-6,6.4E-6,3.2E-6,4E-6,1.6E-6,3.2E-6,5.6E-6,2.4E-6,1.6E-6,1.36E-5,2.32E-5,5.6E-6,8.8E-6,4.8E-6,6.4E-6,3.2E-6,0,1.6E-6,8E-6,4E-6,2.4E-6,8E-7,8E-7,2.4E-6,5.6E-6,1.52E-5,1.36E-5
3.92E-5,2.24E-5,2.64E-5,0.0002592,0.0001008,0,8E-7,0,0,0,0,2.4E-6,1.6E-6,5.6E-6,1.6E-6,0,0,2.4E-6,8.8E-6,1.6E-6,5.04E-5,2.96E-5,1.36E-5,8E-7,5.6E-6,1.6E-6,4.8E-6,8.72E-5,1.92E-5,3.44E-5,2.8E-5,4.8E-6,3.2E-6,1.6E-6,1.6E-6,3.2E-6,2.4E-6,1.76E-5,2.88E-5,7.2E-6,4.56E-5,3.2E-6,4.8E-6,4E-6,0,0,0,8E-7,8E-6,1.28E-5,8E-7,2.4E-6,3.2E-6,4.8E-6,4.8E-6,4E-6,8.8E-6,1.6E-6,1.36E-5,2.32E-5,6.4E-6,6.4E-6,4E-6,0,0,8E-7,1.6E-6,4E-6,7.2E-6,4E-6,2.4E-6,4.8E-6,3.2E-6,2.4E-6,8.8E-6,4E-6,3.2E-6,5.6E-6
2.08E-5,5.2E-5,4.8E-6,9.6E-6,0.0001424,0.0002152,1.12E-5,0.000136,0.0001888,0.0001664,0.0002344,3.84E-5,3.2E-6,0,0,8E-7,0,8.8E-6,1.12E-5,6.4E-6,5.6E-6,5.6E-6,4.8E-6,0,4.8E-6,4E-6,8E-7,6.4E-6,1.28E-5,4E-6,1.6E-6,8E-7,1.6E-6,8.8E-6,1.04E-5,7.2E-6,7.2E-6,1.2E-5,1.6E-5,8E-7,4.16E-5,1.28E-5,3.36E-5,1.36E-5,4E-6,1.6E-6,1.6E-6,0,3.2E-6,3.2E-6,1.36E-5,4.8E-6,2.4E-6,2.4E-6,2.4E-6,2.4E-6,1.28E-5,1.52E-5,1.36E-5,4E-6,1.6E-6,0,0,0,0,8E-7,2.4E-6,9.6E-6,1.6E-5,4E-6,1.36E-5,1.12E-5,2.4E-6,4.8E-6,3.2E-6,8E-7,1.6E-6,8.8E-6
0,0.0003312,0.0001112,3.12E-5,7.6E-5,0.0004192,5.12E-5,4.48E-5,0.0001968,0.000188,0.0002464,7.76E-5,4.8E-6,0.00012,5.36E-5,3.92E-5,4.8E-6,1.6E-6,7.2E-6,1.44E-5,3.04E-5,1.04E-5,1.28E-5,0,5.6E-6,0,0,2.4E-6,4.8E-6,0,0,5.6E-6,8E-7,6.4E-6,1.6E-6,9.6E-6,1.12E-5,1.6E-6,4.8E-6,2.4E-6,2.16E-5,3.92E-5,1.44E-5,8.8E-6,1.28E-5,1.84E-5,3.44E-5,1.28E-5,0,8E-7,0,8E-7,8E-7,8E-7,3.2E-6,1.04E-5,1.04E-5,1.6E-6,2.4E-6,0,1.6E-6,1.6E-6,0,8E-7,8E-7,1.04E-5,1.2E-5,1.04E-5,4.8E-6,5.6E-6,9.6E-6,8E-7,1.6E-6,2.4E-6,4.8E-6,2.4E-6,1.6E-6,4.8E-6
8.32E-5,0.0004224,0.000476,0.0007912,0.0003704,0.0003384,8E-7,0,0,0.0001944,6.96E-5,6.4E-6,3.2E-6,0.0001176,0.000324,0.0006144,0.0001136,8E-7,3.2E-6,2E-5,8E-7,1.84E-5,7.2E-6,6.4E-6,8E-7,3.2E-6,7.2E-6,2.4E-6,1.6E-6,8E-7,1.6E-6,2.4E-6,0,3.2E-6,8E-6,5.6E-6,2.4E-6,0,5.6E-6,4E-6,8E-7,1.68E-5,4.48E-5,4E-6,2.4E-6,8E-7,3.2E-6,3.2E-6,3.2E-6,0,3.2E-6,1.6E-6,5.6E-6,4E-6,9.6E-6,7.2E-6,3.2E-6,2.4E-6,8E-7,6.4E-6,8E-7,0,7.2E-6,2.4E-6,8E-6,1.68E-5,1.04E-5,0,0,2.4E-6,2.4E-6,5.6E-6,1.04E-5,7.2E-6,3.2E-6,5.6E-6,2.4E-6,2.4E-6
0,0.0003912,0.000388,0.001016,0.00072,0.0001968,6.24E-5,0,7.44E-5,8.08E-5,1.52E-5,0.0001176,0.00038,0.0004472,0.001012,0.000252,3.2E-5,0.0001264,0.0001144,8.8E-5,4.72E-5,4.08E-5,4.4E-5,4.8E-6,1.84E-5,8.8E-6,3.2E-6,5.6E-6,8E-7,4.8E-6,0,8E-7,0,0,0,0,8.8E-6,3.2E-6,1.84E-5,1.12E-5,3.2E-6,1.6E-6,3.44E-5,1.36E-5,1.92E-5,8E-6,3.28E-5,1.76E-5,2E-5,3.76E-5,3.36E-5,3.04E-5,2.24E-5,1.76E-5,1.44E-5,1.2E-5,1.6E-5,2.56E-5,1.36E-5,1.04E-5,4.8E-6,5.6E-6,9.6E-6,1.36E-5,4E-6,2.4E-6,2.4E-6,1.6E-6,4E-6,8.8E-6,1.12E-5,4E-6,9.6E-6,1.76E-5,1.2E-5,7.2E-6,5.6E-6,2.24E-5
7.92E-5,0.0002848,0.0002504,0.0006288,0.0001536,0.0001376,0.0001712,0.000452,0.0003592,0.000272,0.0001624,0.0003184,0.0003512,0.0003056,0.0005912,0.0003416,9.52E-5,5.84E-5,0.00012,0.0002232,0.0001936,8.64E-5,7.2E-5,0.0002248,2.72E-5,0,0,0,0,0,8E-7,3.2E-6,4.8E-6,6.4E-6,2.4E-6,0,8E-7,4E-6,2.4E-5,1.2E-5,3.2E-6,7.2E-6,3.52E-5,9.6E-6,7.2E-6,2.08E-5,2.32E-5,3.2E-6,2.4E-6,8E-7,0,1.6E-6,0,1.6E-6,0,2.4E-6,7.2E-6,2.64E-5,2.4E-5,1.36E-5,5.6E-6,8E-6,8.8E-6,9.6E-6,1.68E-5,1.04E-5,9.6E-6,1.52E-5,1.6E-5,2.24E-5,1.36E-5,1.36E-5,1.52E-5,2.32E-5,2.32E-5,6.4E-6,4E-6,1.6E-6
0.0002632,0.0001728,0.0003928,7.36E-5,5.04E-5,0.0002792,4.96E-5,0.0004048,0.0005392,0.00018,0.0001608,8.8E-6,4.64E-5,0.0001136,8.08E-5,3.12E-5,7.04E-5,2.08E-5,3.36E-5,1.36E-5,6.88E-5,1.12E-5,6.72E-5,1.2E-5,0,0,2.4E-6,0,8E-7,3.04E-5,0.0001072,5.52E-5,5.92E-5,4.48E-5,1.76E-5,8E-6,2.4E-6,4.8E-6,6.4E-6,9.6E-6,9.6E-6,1.84E-5,3.6E-5,6.4E-6,8E-7,1.6E-6,3.2E-6,4.8E-6,1.6E-6,8E-7,2.4E-6,1.6E-6,8E-7,0,5.6E-6,7.2E-6,8E-6,1.76E-5,2.08E-5,1.28E-5,4.8E-6,9.6E-6,1.12E-5,3.04E-5,1.44E-5,8.8E-6,1.84E-5,1.6E-5,2.64E-5,3.12E-5,1.6E-5,3.52E-5,5.6E-6,7.2E-6,6.4E-6,0,0,0
0.0001608,0.0001944,0.0002168,0.0002928,0.000152,3.44E-5,2.4E-5,0.0002512,0.0002912,0.0003376,0.0002368,7.84E-5,6.32E-5,3.36E-5,4.16E-5,1.52E-5,1.6E-6,4E-6,0,0,8E-7,0,0,0,0,8E-7,1.84E-5,1.68E-5,3.76E-5,7.92E-5,4.56E-5,1.2E-5,1.36E-5,1.28E-5,7.2E-6,4.8E-6,8E-6,8E-7,8E-6,6.4E-6,1.52E-5,8E-6,1.04E-5,1.28E-5,3.2E-6,6.4E-6,1.12E-5,6.4E-6,4.8E-6,2.4E-6,1.04E-5,1.28E-5,1.12E-5,4E-6,2.4E-6,3.2E-6,2.4E-6,6.4E-6,3.2E-6,1.6E-6,1.68E-5,4.08E-5,1.12E-5,6.4E-6,4.8E-6,4.8E-5,0.0001584,5.76E-5,3.92E-5,1.04E-5,2.4E-6,1.2E-5,8E-6,7.52E-5,8E-7,0,0.0001616,8.8E-5
0.0002408,0.0001808,1.76E-5,6.32E-5,0.0003856,0.0002968,0.0002128,0.0004376,0.0003336,0.0001016,8.24E-5,3.04E-5,4.56E-5,0.0001424,0.000148,8.88E-5,3.2E-6,8E-7,4E-6,4E-6,4E-6,2.4E-6,8E-7,2.4E-6,8E-7,4.64E-5,4.4E-5,4.8E-5,8.64E-5,3.52E-5,5.36E-5,1.76E-5,1.6E-5,6.4E-6,1.6E-6,8E-7,1.6E-6,6.4E-6,1.12E-5,1.28E-5,1.76E-5,6.4E-6,5.6E-6,2.4E-6,3.2E-6,1.6E-6,5.6E-6,6.4E-6,1.44E-5,1.68E-5,2.16E-5,2.8E-5,2.32E-5,1.12E-5,8E-6,2.4E-6,8E-7,4.8E-6,4E-6,5.6E-6,8.8E-6,4.8E-6,1.68E-5,0.00014,7.84E-5,8.4E-5,0.0001664,9.92E-5,0.0001312,0.0001384,4.88E-5,0.0001312,0.0001176,0.0003616,0.0001944,0.0001928,0.0001712,0.0002928
0.0002592,0,0.0003712,0.0005456,0.0004624,0.0003504,7.52E-5,0.0002664,0.0002032,0,1.6E-6,1.84E-5,0.0005064,0.0001792,5.68E-5,2.56E-5,4.96E-5,4.56E-5,4E-6,8E-7,1.6E-6,1.6E-6,1.6E-6,4.8E-6,1.68E-5,1.52E-5,0.0001352,7.28E-5,7.92E-5,3.2E-6,1.04E-5,2.16E-5,1.12E-5,4E-6,1.6E-6,0,1.6E-5,3.2E-6,5.6E-6,1.44E-5,4.8E-6,4E-6,8E-7,0,8E-7,3.2E-6,1.6E-6,2.4E-6,1.12E-5,2.24E-5,1.04E-5,1.6E-5,1.36E-5,1.92E-5,1.36E-5,3.52E-5,3.52E-5,0.0001152,4.8E-5,1.84E-5,7.12E-5,0.0001752,1.84E-5,0.0001808,2E-5,0,2.4E-6,8E-7,6.64E-5,0.0001024,8.64E-5,6E-5,0.0001376,0.0001256,0.000196,0.000228,0.0002208,0.0001048
1.6E-6,0.0002976,0.0002568,0.0001744,0.0001984,0.0001296,0.0003072,0.0003984,0.0003208,2.56E-5,0,0,3.44E-5,0.0001664,0.0001136,1.28E-5,7.12E-5,9.12E-5,2.96E-5,0,0,0,8E-7,6.4E-6,5.04E-5,3.92E-5,0.0001184,5.84E-5,1.04E-5,1.36E-5,2.8E-5,8.8E-6,3.2E-6,1.6E-6,0,1.6E-6,2.24E-5,4.8E-6,4.8E-6,4.8E-6,6.4E-6,4E-6,0,0,8E-7,3.2E-6,5.6E-6,4.8E-5,1.28E-5,0.0001104,8.72E-5,5.36E-5,6.08E-5,0.0001752,0.0001968,0.0001112,0.0001352,0.0002616,0.0001968,5.28E-5,0.0001544,9.52E-5,9.92E-5,5.28E-5,0.0001224,0,1.76E-5,2.64E-5,0.0001424,0.0001936,4.8E-5,6.48E-5,1.04E-5,3.84E-5,1.12E-5,3.6E-5,8.8E-6,1.2E-5
5.36E-5,0.0002544,3.44E-5,0,0.0002152,0.0004248,0,0.0001448,0.0002024,0.0002352,0.0001592,0.0002352,1.6E-6,0.0001976,0.000128,1.6E-5,4.64E-5,4.64E-5,2.16E-5,9.6E-6,1.36E-5,5.44E-5,1.84E-5,0.0001392,0.0001936,8.48E-5,2.32E-5,3.6E-5,8E-6,4.72E-5,0.0001056,0.0002688,0.0003408,0.0005,0.0003592,0.0001232,8.16E-5,5.52E-5,3.2E-6,4.08E-5,3.28E-5,4E-5,1.68E-5,3.2E-5,6.4E-5,5.52E-5,8.8E-5,9.04E-5,0.0001568,0.0001072,0.0001784,8.48E-5,0.0001352,6.24E-5,0.0001744,6.72E-5,0.0001272,0.0002,9.2E-5,3.92E-5,7.04E-5,4.16E-5,0.0002472,0.0002088,4.08E-5,5.6E-6,6.4E-6,1.2E-5,0.000304,8.4E-5,4.16E-5,2.48E-5,2.4E-6,8E-7,8E-7,1.6E-6,1.6E-6,4E-6
0.000444,0.0002944,5.6E-6,0,0,0.0002616,0.0001184,9.92E-5,4E-5,0.0001192,0.0002752,0.0003816,0.0002696,2.96E-5,0.000136,0.0001408,0.0001864,0.0001056,0.0002864,0.00016,4.72E-5,8E-5,5.28E-5,0.0002296,0.0002072,7.28E-5,1.6E-5,2E-5,5.28E-5,9.44E-5,0.0001704,0.0002008,0.0001128,0.0007024,0.0004872,0.0006336,0.0003472,0.0002224,6.88E-5,0.0002264,0.0002624,0.0001904,0.000184,0.0002328,8.96E-5,6.96E-5,8.08E-5,6.16E-5,4.8E-5,6.24E-5,6.56E-5,7.2E-6,5.36E-5,0.0001112,0.000116,4.48E-5,1.28E-5,5.2E-5,6.48E-5,5.92E-5,8.16E-5,3.52E-5,7.04E-5,4.48E-5,5.6E-6,0,8E-6,0.0001,5.76E-5,1.84E-5,2.96E-5,8E-7,8E-7,3.2E-6,8E-7,8E-7,8E-7,8E-7
2.08E-5,8E-7,0,0,0,7.84E-5,8E-7,2.08E-5,3.2E-6,2.4E-5,0.0002712,0.0003488,8.48E-5,9.76E-5,0.000528,0.0001928,0.0002936,0.0002528,0.0002544,0.0001712,0.0001512,1.28E-5,0.0001016,0.0001784,6.96E-5,1.28E-5,0.0001368,0.000148,0.000192,9.76E-5,0.000256,0.000156,0.000196,0.00048,0.0004992,0.0004184,0.0002088,0.0001416,0.0001752,2.32E-5,9.36E-5,5.44E-5,0.000164,6.72E-5,1.44E-5,8E-7,0,2.64E-5,4E-6,2E-5,0,5.44E-5,7.2E-6,1.6E-5,1.6E-6,8E-7,1.36E-5,2.4E-6,4.96E-5,1.92E-5,8.8E-6,2.48E-5,2.4E-5,0.0001008,4.8E-5,7.52E-5,1.68E-5,4.64E-5,7.2E-6,8E-7,0,0,1.6E-6,8E-7,8E-7,0,0,2.4E-6
0,0,0,1.6E-6,0,0,2.4E-6,1.28E-5,1.44E-5,0.0001376,0,0.0001728,2.96E-5,0.0002592,9.28E-5,0.000108,0.000396,0.0001768,0.0003424,8.8E-6,4E-6,2.4E-6,8E-7,0.000116,2E-5,0,4.48E-5,6.64E-5,0.0002808,0.0001776,0.0001384,1.92E-5,8.24E-5,1.6E-6,1.6E-6,5.84E-5,0.000112,0.000248,6.8E-5,3.84E-5,8.8E-6,7.84E-5,8.8E-6,7.2E-6,8E-6,1.6E-6,0,8E-7,1.6E-6,0,4E-6,7.2E-6,5.6E-6,3.2E-6,0,4E-6,8E-7,0,0,0,2.56E-5,9.12E-5,6.8E-5,3.36E-5,0.0001136,8.24E-5,8.72E-5,2.72E-5,0,8E-7,8E-7,0,0,0,1.6E-6,0,8E-7,3.2E-6
0,0,0,8E-7,0,0,0,6.4E-6,1.36E-5,6.24E-5,0.000164,0.0001392,5.6E-6,0.0001072,0.0001648,0.0001784,0.0001384,0.0001896,0.0004344,0.0001048,4.8E-5,0.0001304,1.6E-6,7.2E-5,0.0001128,1.76E-5,0.0002616,0.0002848,0.000148,3.44E-5,1.84E-5,1.6E-6,8E-7,8E-7,8E-7,8E-7,2.4E-6,3.2E-6,8E-7,8E-7,8E-7,1.6E-6,1.6E-6,3.36E-5,5.6E-6,1.12E-5,0,1.6E-6,8E-7,0,2.4E-6,0,0,0,0,0,0,0,8E-7,7.52E-5,0.000184,0.0002648,1.28E-5,6.16E-5,2.16E-5,1.44E-5,4E-6,3.2E-6,8E-7,1.6E-6,8E-7,1.6E-6,1.6E-6,8E-7,2.4E-6,1.6E-6,1.6E-6,2.4E-6
0,2.88E-5,0,0,0,0,8E-7,4E-6,8E-6,3.92E-5,2.08E-5,2.16E-5,2.4E-6,8E-7,3.6E-5,0.0001952,0.0003944,0.0001024,4.8E-5,2.4E-5,8.16E-5,0,1.6E-6,6.24E-5,5.76E-5,0.000156,8.56E-5,4.08E-5,8E-7,6.4E-6,2E-5,6.4E-6,8E-7,8E-7,0,0,5.6E-6,1.04E-5,3.2E-6,6.4E-6,4.8E-6,5.6E-6,4E-6,2.4E-6,4.8E-6,8E-7,0,0,0,0,0,0,0,1.6E-6,8E-7,4E-6,0,3.92E-5,2.4E-5,6E-5,2.88E-5,7.04E-5,8E-7,8.8E-6,2.4E-6,1.6E-6,2.4E-6,1.6E-6,8E-7,8E-7,0,8E-7,3.2E-6,8E-7,0,0,0,3.2E-6
0,1.6E-6,9.36E-5,0,0,0,8E-7,8E-7,2.4E-6,4.8E-6,1.36E-5,4.64E-5,0.0001,4.16E-5,0.0001568,0.0001696,3.92E-5,1.12E-5,3.84E-5,2.24E-5,4.48E-5,4.88E-5,1.92E-5,2.48E-5,2.4E-5,1.84E-5,1.92E-5,1.6E-6,4.8E-6,6.4E-6,1.6E-6,2.4E-6,4E-6,1.2E-5,9.6E-6,1.92E-5,1.76E-5,6.64E-5,4E-5,2.08E-5,5.6E-6,9.6E-6,1.6E-5,1.68E-5,4.8E-6,6.4E-6,1.6E-6,0,0,0,0,8E-7,3.2E-6,1.6E-6,8E-7,6.96E-5,0.000164,0.0001568,9.12E-5,2.64E-5,1.6E-6,1.12E-5,9.6E-6,3.44E-5,1.2E-5,3.2E-6,1.6E-6,8E-7,0,0,0,0,1.6E-6,8E-7,0,0,0,8E-7
0,3.12E-5,0.0001584,0.0002168,0.000212,6.64E-5,0.0001312,8E-5,4E-6,8E-6,3.2E-6,5.76E-5,3.6E-5,0.0001976,3.52E-5,3.04E-5,0.0001984,2.16E-5,1.36E-5,2.16E-5,5.36E-5,0.0001728,9.28E-5,5.6E-6,3.2E-6,3.2E-5,6.4E-6,2.32E-5,9.6E-6,1.2E-5,8E-6,2.4E-5,3.2E-6,2.48E-5,2.56E-5,4.8E-6,0.0001144,6.96E-5,1.6E-5,1.52E-5,7.2E-6,6.4E-6,2.64E-5,1.92E-5,1.04E-5,1.04E-5,7.2E-6,4.8E-6,3.2E-6,8E-7,0,8.8E-6,2E-5,1.6E-6,0.0001176,9.2E-5,8.8E-6,4E-6,4.8E-6,6.4E-6,0,1.28E-5,2E-5,3.92E-5,1.28E-5,4E-6,2.4E-6,8E-7,0,0,0,0,1.6E-6,0,0,0,0,0
5.92E-5,6.16E-5,0.0001504,6.08E-5,9.2E-5,0.000116,9.52E-5,0.0001512,8.88E-5,6.4E-6,2.4E-6,3.2E-6,8E-6,0,9.6E-6,4E-6,0.0001056,8.88E-5,3.6E-5,4.56E-5,4.56E-5,1.76E-5,1.6E-6,2.4E-6,1.12E-5,1.44E-5,1.28E-5,5.2E-5,1.28E-5,5.6E-6,1.04E-5,2.08E-5,5.6E-6,3.52E-5,1.12E-5,4.08E-5,2.24E-5,1.52E-5,9.6E-6,2E-5,3.2E-5,2.88E-5,2.4E-5,9.6E-6,4.8E-6,1.2E-5,6.4E-6,9.6E-6,1.04E-5,2.4E-6,9.6E-6,1.2E-5,1.76E-5,0,0,0,0,8E-7,2.4E-6,4E-6,1.12E-5,1.68E-5,2E-5,1.04E-5,4.8E-6,5.6E-6,5.6E-6,4E-6,0,0,8E-7,1.6E-6,1.6E-6,0,0,0,8E-7,1.2E-5
0,2.4E-6,9.36E-5,0.0001808,0.000188,8E-7,0.0001088,8E-7,8E-5,0.000188,1.36E-5,5.6E-6,8E-6,5.6E-6,0,4.8E-6,3.2E-6,1.6E-6,8E-7,3.04E-5,0.0001112,0.0001056,6.64E-5,2.8E-5,7.36E-5,1.04E-5,1.2E-5,2.4E-5,8E-6,2.4E-6,3.2E-6,4.4E-5,8E-6,1.28E-5,4E-6,8E-6,4.8E-6,4.8E-6,2E-5,1.6E-5,6.4E-6,0,3.2E-6,8E-6,8.8E-6,4E-6,2.16E-5,5.6E-6,3.2E-6,5.6E-6,1.6E-6,7.2E-6,6.4E-6,8E-7,0,0,1.6E-6,1.6E-6,3.2E-6,8E-6,4E-6,2.88E-5,4.48E-5,1.2E-5,7.2E-6,6.4E-6,2.4E-6,1.6E-6,0,0,2.4E-6,4.8E-6,4E-6,0,0,0,0,4E-6
3.36E-5,1.52E-5,0,7.2E-6,0.000132,2.48E-5,0.000176,5.68E-5,0.0001,4.24E-5,0.0002128,5.52E-5,7.12E-5,8E-7,8E-6,3.2E-6,1.92E-5,8E-7,8E-7,1.6E-6,7.2E-6,1.44E-5,4E-6,2.4E-6,2.4E-6,5.6E-6,6.4E-6,0,0,0,8E-7,3.36E-5,1.2E-5,1.52E-5,8E-6,2.64E-5,5.6E-6,2.4E-6,4E-6,2.16E-5,6.4E-6,4E-6,2.4E-6,8E-7,1.6E-6,9.6E-6,8E-7,4E-6,8E-7,0,3.2E-6,3.2E-6,3.2E-6,2.4E-6,8E-7,0,0,2.4E-6,8E-7,8E-6,3.84E-5,2.48E-5,2.32E-5,1.2E-5,1.44E-5,7.2E-6,3.2E-6,8E-7,0,0,0,1.6E-6,1.6E-6,8E-7,0,0,0,8E-7
7.2E-6,0,8E-7,0,3.76E-5,2.48E-5,3.2E-6,0,1.6E-6,1.76E-5,8E-7,1.28E-5,0.0001,1.84E-5,1.6E-6,1.04E-5,2E-5,3.2E-6,2.4E-6,8E-7,0,0,8E-7,1.44E-5,5.6E-6,8E-7,9.6E-6,1.2E-5,7.44E-5,8E-7,1.6E-6,1.36E-5,8E-6,4.88E-5,2.88E-5,7.28E-5,1.44E-5,3.2E-5,9.6E-6,2.32E-5,1.44E-5,6.4E-6,6.4E-6,3.2E-6,2.72E-5,6.4E-5,4.32E-5,4.56E-5,0.0001288,5.6E-5,4.4E-5,6.4E-6,7.2E-6,6.4E-6,4E-6,8E-7,3.2E-6,8.8E-6,9.6E-6,1.36E-5,2.32E-5,2.64E-5,4.8E-6,4.8E-6,1.04E-5,5.6E-6,3.2E-6,0,0,0,0,0,0,1.6E-6,0,0,0,0
7.44E-5,0.0001592,2.4E-6,1.6E-6,0,1.68E-5,2.56E-5,0,0,0,0,0,8.4E-5,1.92E-5,2.88E-5,8E-6,1.36E-5,9.6E-6,3.2E-6,8E-7,1.6E-6,1.6E-6,1.12E-5,1.6E-6,4E-6,4.8E-6,8E-7,4E-6,1.76E-5,4E-6,1.6E-6,8E-7,2E-5,1.04E-5,5.6E-6,0.0001256,2.32E-5,2.4E-5,5.6E-6,4E-6,7.2E-6,7.2E-6,7.2E-6,5.2E-5,2.88E-5,4.56E-5,8.4E-5,0.0001056,0.0001112,2.48E-5,2.64E-5,1.44E-5,4.8E-6,4.8E-6,5.6E-6,1.12E-5,7.2E-6,7.2E-6,8E-6,8E-7,2.56E-5,8E-7,8E-7,2.4E-6,9.6E-6,4E-6,2.4E-6,8E-7,8E-7,8E-7,1.6E-6,4.8E-6,0,8E-7,0,8E-7,0,0
5.68E-5,7.04E-5,8.64E-5,0.00022,9.76E-5,1.76E-5,0,0,1.6E-6,0,0,1.2E-5,0,0,4.72E-5,0.0001184,8E-6,8E-7,0,0,8E-7,4E-6,6.4E-6,6.4E-6,5.6E-6,4E-6,3.2E-6,0,4.8E-6,8.8E-6,0,0,8E-7,8.8E-6,2.64E-5,2.24E-5,5.36E-5,1.84E-5,6E-5,1.84E-5,2.88E-5,9.68E-5,0.000112,1.68E-5,8.64E-5,7.2E-6,5.44E-5,8.4E-5,6.08E-5,6.16E-5,7.6E-5,1.04E-5,1.68E-5,8E-7,6.4E-6,1.76E-5,3.28E-5,5.6E-6,4.8E-6,1.6E-6,0,0,1.6E-6,4E-6,1.6E-6,0,8E-7,0,0,0,1.6E-6,3.2E-6,8E-7,3.2E-6,1.6E-6,5.6E-6,4E-6,2.4E-6
8.32E-5,0.000384,0.0001912,4.56E-5,0.0001984,0.0002472,7.04E-5,2.64E-5,0,0,0,8E-7,0,0,8E-7,6.8E-5,0.00022,1.6E-6,0,0,7.2E-6,4E-6,3.2E-6,8E-6,8.8E-6,7.2E-6,5.6E-6,8E-7,0,0,0,0,8E-7,3.2E-6,8.8E-6,3.2E-5,1.6E-6,2E-5,3.76E-5,5.44E-5,5.2E-5,7.12E-5,0.0001016,1.44E-5,3.2E-6,1.6E-5,0.0001328,1.52E-5,4E-6,2.16E-5,7.6E-5,0.0001328,8.64E-5,4E-6,1.6E-6,1.6E-6,1.28E-5,0.0001152,6.64E-5,9.28E-5,3.36E-5,6.4E-6,1.6E-6,8E-7,8E-7,0,2.4E-6,1.6E-6,0,0,0,1.6E-6,8E-7,0,0,0,1.6E-6,2.4E-6
4E-6,3.36E-5,0.0001112,6.8E-5,0.0001312,0.0001456,0.0001472,2.64E-5,6.4E-6,1.76E-5,8E-7,0,0,8E-7,6.16E-5,6.4E-6,5.44E-5,6.32E-5,8E-6,1.76E-5,1.12E-5,3.36E-5,7.2E-6,1.44E-5,8E-7,1.6E-6,8E-7,1.6E-6,0.0001448,0,0,8E-7,0,5.6E-6,6.4E-6,3.52E-5,1.76E-5,7.04E-5,0.0001128,0.0001008,5.92E-5,6.48E-5,2.64E-5,6.4E-6,8E-6,9.6E-6,3.2E-6,8E-7,0,4E-6,8.88E-5,0.0001304,3.6E-5,5.44E-5,0.000128,4.32E-5,1.52E-5,8E-6,3.2E-6,1.84E-5,6.8E-5,5.6E-6,0,1.6E-6,1.6E-6,8E-7,8.8E-6,7.2E-6,1.12E-5,6.4E-6,0,1.6E-6,8E-7,0,0,0,0,0
0,8E-7,3.2E-6,0.0001016,0.0001504,0.0001072,0.000152,6.24E-5,4.56E-5,2E-5,1.6E-6,0,4E-6,0,0,3.36E-5,4.32E-5,0,0,8E-7,0,8E-7,7.2E-6,1.2E-5,8.8E-6,2.4E-6,8E-7,0,2E-5,5.12E-5,1.6E-6,2.16E-5,5.6E-6,5.12E-5,7.28E-5,4.8E-6,4.48E-5,3.52E-5,0.000148,0.0001032,6.08E-5,5.28E-5,2.64E-5,1.92E-5,2.72E-5,4E-6,4E-6,2.4E-6,0,0,1.6E-6,6.96E-5,9.68E-5,8.32E-5,0.0001304,3.44E-5,5.28E-5,8.48E-5,3.6E-5,2E-5,3.04E-5,1.44E-5,4E-6,8E-7,2.4E-6,0,0,8E-7,4E-6,1.04E-5,0,0,0,0,0,0,0,0
