demo/data/weather/current/current-relative_humidity-surface-level-gfs-1.0.json
{"header": {"discipline":0,"disciplineName":"Meteorological products","gribEdition":2,"gribLength":68913,"center":7,"centerName":"US National Weather Service - NCEP(WMC)","subcenter":0,"refTime":"2023-06-08T06:00:00.000Z","significanceOfRT":1,"significanceOfRTName":"Start of forecast","productStatus":0,"productStatusName":"Operational products","productType":1,"productTypeName":"Forecast products","productDefinitionTemplate":0,"productDefinitionTemplateName":"Analysis\/forecast at horizontal level\/layer at a point in time","parameterCategory":1,"parameterCategoryName":"Moisture","parameterNumber":1,"parameterNumberName":"Relative_humidity","parameterUnit":"percent","genProcessType":2,"genProcessTypeName":"Forecast","forecastTime":0,"surface1Type":100,"surface1TypeName":"Isobaric surface","surface1Value":100000,"surface2Type":255,"surface2TypeName":"Missing","surface2Value":0,"gridDefinitionTemplate":0,"gridDefinitionTemplateName":"Latitude_Longitude","numberPoints":65160,"shape":6,"shapeName":"Earth spherical with radius of 6,371,229.0 m","gridUnits":"degrees","resolution":48,"winds":"true","scanMode":0,"nx":360,"ny":181,"basicAngle":0,"lo1":0,"la1":90,"lo2":359,"la2":-90,"dx":1,"dy":1}, "data":
[rows 76 to 113 of 181, columns 0 to 85 of 360]
58,53.2,58.1,54,54.2,59.2,59.5,59.3,49.2,43.7,49.4,52.5,48.9,46.5,75,49.4,56.4,53.8,52.4,56.5,54.4,53.7,57.3,53.9,54.7,51.6,41.5,44.5,48.5,48.1,48.6,45.9,42.8,41.9,44,46.6,49.5,46.7,51.1,41.6,32.2,29.2,56.3,80,43.7,37.6,59.1,58.3,71.6,77.4,74.1,75.3,77.9,72.6,77.4,75.9,79.6,78.1,81.5,81.2,77.6,76.2,76.2,75.8,76.2,93.6,95.3,83.6,74.9,63.1,61.9,73,71.3,70.9,71.8,53.4,45,41.8,37.7,35.3,29.6,61,72.3,78.1,83.5,85.7
59,46.1,60.5,56.2,59.2,63.4,59.4,59.4,50.4,48.9,56.9,54.6,54.8,59.3,70.1,66.7,61.9,59.3,54.7,55.9,55,49.5,61.5,58.4,55.5,54.1,52.4,46.7,45.4,50.1,48.1,48.2,46.4,46.8,48.4,51.3,56.2,53.3,46.4,44.3,34.6,33.8,32.9,74.1,69.7,58.8,80.4,72.9,68.7,69.4,69.1,75.7,84,81.2,73.6,79.3,82.6,79.9,76.5,70.5,72.1,71.9,73.6,65.9,63.3,73.1,72.2,69.9,65.8,67,63.6,72.7,72.1,68.3,69,50.7,53.9,42.9,43.1,29.8,32.1,62.4,72.7,79.5,80.6,77.4
66.6,60,70.6,66.4,65.3,67.9,65.4,59.3,63.1,57.7,62.7,67.2,62.6,60.4,60.1,65.8,64.6,68.6,61.4,56.7,57.5,57.2,65.9,57.7,55.7,54.3,53.2,44.6,44.8,43.9,50.3,56.8,49.4,49.8,52.1,53.3,62.8,67.4,56.4,34.5,32.3,33.2,33.6,33.6,77.9,89.5,83,69.8,70.5,65.7,64.3,69.1,82.2,83.9,82.9,83.4,80.1,78.8,73.3,69,69.5,70.8,72,65.9,68,73.6,66.8,64.8,69.1,66.2,64.6,71.8,69.9,71.7,69.1,74.3,61.7,51.8,42.2,39.4,49.1,78.8,81.9,82.1,80.1,79.4
74.1,81.7,80.9,80.5,76.7,74.4,88.5,91.7,89.7,79.2,73,74.9,77.7,75.2,59.9,66.5,71.1,77,68.1,63,62.9,66.7,64.2,67.1,71.1,78.8,62.2,41.4,43.1,41.3,48.6,50.7,47.9,62.7,65.5,67.9,75.5,66.9,57.9,44.2,42.4,32.3,32.8,37.7,65,49.8,56.7,38.4,48.8,38.4,47.9,35.3,84.2,84.3,83.5,84.1,82.5,77.8,73.7,70,74.1,70.6,72.5,72.5,70.5,73.6,75.5,71.5,75.2,71.3,68.6,71.8,70,72.2,73.5,69.7,56.3,50.8,42.4,43.5,49.9,82.1,80.3,78.6,80.1,77.3
85.9,89.6,93.2,91.7,87.2,88.4,92.8,92,93,81,82.7,84,79.4,84.8,73.6,75.4,79.2,79.7,70.7,68.7,63,66.6,70.6,79.7,78.3,72.8,71.8,55.2,58.3,66.4,51.2,42.8,59.2,63.1,85.2,84.5,77.1,68,71,47.6,40.2,40.9,36.9,46.5,39.2,49.4,46.3,53.9,58.1,53.6,46,52.7,83.6,83.7,83.7,84.3,83.4,79.3,76.1,76.6,72.8,74.8,78.5,79.4,78.2,76.9,76.1,76.9,74.9,70.6,73,71.2,71.8,72.5,78.6,70.2,70.2,71.7,41.1,48.2,78.1,72.9,78.4,79.7,82.4,83.7
91.5,93.3,94,95.8,94.5,91.6,89.4,87.4,92.1,88.1,83.8,80.4,81.9,82.6,86.2,87.9,80.6,81.5,84.5,76,73.8,70.4,83.9,96.6,82.8,83.6,81.8,62.1,53.8,64.9,57.3,45.7,57.2,60.9,69.7,75.1,73.6,85.1,69.9,57.9,38.3,61.1,68.6,63.7,53.8,44.9,53.3,48.4,56,61.4,49.9,84.7,84.1,83.8,84.4,84.6,85.7,84.2,82.6,79.4,78.6,78.2,75.7,75.8,76.7,76.8,76.3,75.4,73.8,74,73.2,74.2,73.8,72.4,78.2,74.1,72.4,61.4,38.9,67.1,74,49.3,71.1,73.2,79.3,84
88.2,89.2,92.1,95.4,96.3,96.9,95.4,95,85.3,83.5,83.5,89,89.6,87.3,83.8,90.1,90.4,91.9,89.8,92.1,87.2,85.3,86.7,83.3,82.7,85.1,62.7,62.2,63.1,66.5,63.8,54,54.2,58.2,57.2,83,82.9,80.5,69.2,55.1,54.1,56,52.6,49,47.2,48.7,58.2,59.2,58.7,53.5,60.1,84.1,83.5,83.6,82,83.9,83.9,79.5,80,81.6,80,79.9,78.8,76.3,76.9,75.2,76.6,76.1,74.6,72.8,74.1,74.9,73.1,75.2,71.9,78.5,70.3,75,78.7,80.5,66.1,43.9,76.3,76.5,80,83
88.2,93.6,93.1,97.8,98.6,98,97.8,97.1,94.7,91.7,91.2,93.1,89.8,90.6,96.7,95.2,88,89.3,86.4,85.5,85.6,93.4,88.3,88.1,86.7,86.2,80.6,67.8,64.5,64.1,65.2,59.7,60,65.8,83,73.3,75.1,73.3,77,63.1,50.6,63.4,41.4,39.4,50.4,56.3,58.5,60.2,56.5,54.9,84.2,82.3,84.7,83.8,82.4,80.9,80.1,78.7,80.1,77.1,78.2,78,76.8,76,75.5,76,75,73.5,72.3,71.1,72.8,73.4,74.3,73.9,67.3,73.1,72,75.1,79,81.8,74.8,56.3,67.9,80.2,80.6,81.4
89.6,86.5,90.6,86.7,96.4,93,98.9,96.1,94.2,98.4,94.9,90.9,97.7,95.6,97.9,93.2,92.3,79.9,88.8,87.5,92.3,91.2,93.5,90.9,88.8,84.7,74.6,83.1,80.9,68.5,70.6,71.9,57.7,53.6,53.5,61.8,78,86.3,72.2,82.3,50.6,48.3,47.1,50.5,60.9,65.5,60.8,60.3,56.9,69.9,81.5,83.3,84.7,80.5,78.7,77.5,76.2,79.5,77.5,77.1,78.5,79.3,77.2,75.4,74.5,75.6,75.9,73.9,71.2,72.6,71.3,72.7,74.7,79.3,73.9,75,72.2,75.5,80.4,81.8,79.7,74.1,81.4,81.1,80.1,79.8
87,82.6,88.5,87.1,93.3,99,96.6,97.9,98.7,96.8,93.9,99.4,96.1,99.1,97.5,95,93.4,91.5,74.4,83,89.6,87.5,89.1,91.1,93.4,88.2,88.7,75.3,89,85.5,77.8,72.9,72.1,49.8,36.1,46.8,61.8,32.1,46.7,48,56.5,60.2,55,60.4,54,59.8,62.2,60.7,63,77.7,77.8,81,78.4,75.1,73.6,74.6,79.3,79.6,77.6,77.5,76.6,76.5,75.8,75.4,75.2,76.4,76.8,75.7,73.8,73.3,71.3,70.6,75.9,77.2,76,77.1,76,76.6,79.5,79,79.7,79.7,79.4,79.2,77.1,77.3
81.9,83.2,79.1,78.1,78.6,86.1,89.3,87.4,84.3,80.6,96.7,98.4,98.3,97.6,96.6,96.4,95.9,92.2,90,86.5,92.3,94.4,94.6,94.3,92.8,94.7,95.5,91.8,90,84.3,86.5,86.8,83.1,66.9,46.9,33.4,44,42.3,59.3,76.9,69.7,58.2,52.8,63.4,63.5,60.5,69.1,64.7,76.7,74.4,75.5,74.4,73.4,72.2,74,75.3,76.1,76.4,77.9,78.7,78.6,78.6,77.3,76.5,77,75.8,75.5,75,74,72.3,74.1,73.4,74.7,76.8,76.8,75.8,76.2,78.3,76.8,77.1,78.6,80.5,80.3,76.2,74.9,73.1
74.6,72.5,72.2,73.3,74.5,73.3,75.4,76.8,81.7,79.4,91.8,98.7,98.4,98.6,96.4,93.6,91.6,85.3,94.1,88.5,91.2,94.8,94.2,90.5,96.5,93.6,96,93.6,90.9,90,85.8,85.7,81.3,69.2,53.1,38.8,37.8,56.2,57.7,59.1,62.4,61.7,65.1,75.1,72.3,69.3,63.2,81.9,75.6,74.7,73.1,73.5,73.2,78,77.8,77.2,77.8,78.2,77.1,78.1,78.5,79.1,78.9,78.6,76.9,77.7,76.3,75.8,73.9,73.3,72.3,73.7,73.2,76.8,74.7,76.7,77.5,75.5,75.8,75.9,75.6,76.3,76,74.6,74.5,73.4
72.7,72.3,72.8,71.8,74.7,73.6,74.8,76.7,79.5,80.9,96.4,98,98.1,98.5,97.9,96.9,95.6,95.6,95.9,90.4,93,93.2,94,94.2,93.3,93.4,92.9,91.1,90.3,84.3,66,79.8,84.7,77.1,81.1,58,32.7,41.6,60.1,56.9,61.8,66.4,70.9,74.2,66.6,75.9,82.8,80.2,74.1,72,76.1,77.8,77.4,77.4,76.2,77.4,77.3,76.1,75.7,75.9,73.1,77.9,78.7,76.9,78,74.9,75.6,72.5,70.8,71.3,74,75.6,76,76.7,78.2,76.8,76,75.1,75.8,74.9,73.6,75.2,74.9,75.2,73,72
74.1,71.6,69.9,72.4,71,71.6,73.4,77.1,78.2,80.8,96,94.2,95.5,97.4,96.6,95,96.3,93,91.8,92.3,96.7,93.7,94,96.2,89.6,93.8,93.5,91.6,93.2,80.5,61.3,59.6,71.4,91.8,74.4,75.4,39.6,39.9,44.6,57,64.8,69.7,76.5,75.4,86.1,84.7,83.8,79.6,74.8,75.6,75.3,80.6,77.8,79.1,70.1,76.4,77.1,76,74.9,76.7,75.8,75.5,75.7,76.9,74.4,73.5,76.3,73.7,76.9,74.2,74,74.6,75.9,75.8,78.7,74.6,75.8,76,79.1,76.2,76.6,73.4,73.2,72.3,71.3,70.9
72.4,69.6,68,71,69.6,67.8,72.9,74.4,78.7,80.6,89.9,94.4,91.9,98.8,95.6,95.6,93.4,92.3,92.1,90.6,91.8,91.2,93.9,89.6,90.2,91.9,94.1,90.6,89.2,77.3,64.7,60.9,64,54.3,68.8,68.8,57.9,55.1,51.5,59.4,66.8,71.9,65.8,77.9,79.1,76.2,81.3,77.4,77.2,79.9,81.3,75.4,74.7,70.9,72.1,75.3,73.2,73.6,75.9,75.3,76.3,77,77.9,78.1,77.3,76.8,75.1,75.4,72.8,72.4,72,74.3,75.3,74.2,72.4,72.7,75.3,75.6,74.8,74.9,71.8,71.9,71.8,72.7,71.9,72.9
74.3,72,70.7,70,72.2,75.2,78.9,78.3,77,82,93.9,92.8,96.1,96.3,94.9,89.6,89.8,95.4,92.4,89.8,89.4,91.8,86.1,89.4,94.8,84,89.8,95.2,90.4,79.8,57.9,65.3,46.4,56.9,59.6,53.6,47.8,51.3,59.5,59.7,70.9,76.8,77.6,74.8,78.1,78.6,80.4,79.9,79.2,80.5,74.8,71.9,67.1,70.3,74.2,75.8,73.1,76.3,76.3,78.4,75,76.7,77.2,77.2,76.3,73.9,75.6,72.6,71.6,71.6,70.1,72.1,71.1,69.4,71.3,71.3,68.5,71.6,71.1,73,71.9,71.5,72.1,73.5,73.2,73
72.8,71,71.8,72.6,74.2,75,74.2,75.8,77.1,77.3,90.1,91.2,97.9,95.7,88,86.7,87.6,95.3,93.9,86.7,90.9,89.2,90.7,94.5,91.4,84.2,94,94.8,82.5,71.2,76.5,57.4,48.3,59.3,40.1,37.9,38.8,65.1,52.1,58.7,76.9,78.5,78.7,76.2,78,80.1,81.6,77.9,76.9,74.8,70.6,69.1,72.9,72.4,77.9,77.2,77.8,79.1,78.1,73,76.1,75.6,74,76.3,75.4,77.2,72.6,72,76.5,74.3,74.3,73.2,76.3,75.3,73.6,75.5,75.2,75.2,75.2,74.2,74.4,71.8,73.4,73.4,71.9,71.1
71.6,70.4,68.2,69.6,73.7,75.9,75.4,73.1,70.4,70.6,82.1,88.6,86.6,91,94.1,83.5,92.1,91.3,90.3,91.8,90.7,89.1,91.2,89.6,82.6,74.5,89.6,94.2,79.5,59.8,66.8,51.8,39.1,61.1,55.9,62.4,65.2,71.1,64.4,59.3,80,77.2,78,76.7,79.5,81.9,79,70.8,74,74.6,70.5,65.8,72.6,74.4,76.3,73.9,77.7,78.6,77.9,76.8,76.4,80.1,78.1,73.8,71.4,74.2,77.6,79.3,78.7,77.7,76.3,75.8,74,74.1,76.9,77.1,75.9,75.6,75.4,77,77.8,76,75.6,75.6,73.8,74.9
72.7,70.2,71.2,71.8,74.6,68,73.1,73.4,75.2,77.1,74.7,83.8,93.1,87.9,93.1,92.1,92.9,91.3,88.1,91.6,91.5,89.5,92.8,79.4,68.9,62.7,60.4,65.8,54.5,50.9,64.4,50.3,55.8,59.7,58.7,50.3,74.9,71.6,68.9,63,81,78,73,79.2,77.1,73.4,76.6,77.1,77.1,76.3,70.8,75.5,79,79.5,79.3,76.5,78.9,78.2,77.7,77.9,79.5,78.4,80.9,79.5,79,79.2,80.1,79.3,75,75.8,78.4,78.9,75.9,76.8,80,77.4,75.2,81.2,80.6,79.3,76.5,76.4,76.7,74.2,74.2,73.6
64.9,74.2,72,77.5,72.1,72.8,69.7,67,76.2,72.1,82.9,84.2,81.6,93.3,91.7,92.8,94.2,93.1,91.9,89.7,84.9,82,84.6,79.4,58,49,48.4,52,52.3,65.5,54.5,47.2,61.9,61.1,58.6,65.9,64.9,70.5,74.4,68.6,74.2,76.7,72.5,75,80,79.9,79.7,79.2,80.7,79,78.9,79.1,79.8,80.4,80.3,80,80.7,79.8,78.7,77.1,79.2,80.4,80.7,81.5,82.5,81,80.6,79.5,80.5,79,79.5,80.5,80.4,78.8,81,79.4,78.4,86.9,93.1,75.6,76.5,72.8,72.3,74.3,73.8,69.8
70.9,69.9,77.4,72.2,73,71.9,67.2,69.4,71.1,75.5,74.1,79.6,91.8,95.5,91.1,95.5,92,94.1,85.3,77.6,70.5,74,62.3,63.8,48.4,47.2,49.3,50.7,52.5,64.6,51.8,49.8,57.6,60.9,67.5,61.2,66.7,80.6,74.3,93.6,78.2,75.8,77,77.3,79.1,79.9,79,80.1,81.6,81.7,78.5,77.5,79.3,80.3,77.8,76.5,79.7,79.2,78.1,76.4,78.6,81.5,83,82.7,83.7,85.5,82.5,79.2,78.9,80.5,78,79.3,78.9,78.5,79,76.4,76.7,79.6,81.4,77.4,78,77.9,78.8,81,80.8,77.8
66.6,72.3,72.1,73.5,75.4,73.1,74.9,74,74.6,76.8,81.2,80.9,74.3,92.4,89.7,89.7,87.9,73.9,85.1,69.6,66.9,63.6,47.5,48.1,49.6,45.9,48.2,46.9,48.9,52.6,58.8,54.4,48.5,50.3,56.3,59.7,59.4,68.5,68.5,81.7,80.1,78.6,77.4,77,77.7,78.9,77.3,78.4,79,79.3,76.4,75.2,80.1,78.1,76.7,79.4,75.5,77.1,77.2,77.6,78.2,80,83.9,82.3,83.3,84.8,85.9,84.8,78.5,77.7,77.5,79.9,81.7,80.9,79.4,79.6,79.8,82,83.7,83.8,84.2,82.6,82.9,84.3,84,80.8
70.3,73,74.6,71.8,75.7,77.7,74.7,71.6,76.5,77.3,79.8,78.8,74.1,87.8,97.6,90.3,82.2,59.6,58,65,54.2,48.4,41.7,50.8,48.9,47.3,50.8,45.5,59.5,49.4,51.3,42.8,48,59.5,66,60.1,80.4,69.3,70.4,82.6,75.7,78.6,75.1,73.7,74.2,71.8,72.1,71.5,77.8,74.3,70.7,69,69.7,70,74.1,77.2,78.8,73.4,76.7,76.7,78.2,77.6,81.6,82.4,80.6,85.1,85.1,84.6,83,81.5,81.6,83.5,82.6,81.9,81.4,82.3,84.3,85.5,85.4,86.2,85.3,83.6,82.8,82.8,82.8,81.4
75.8,73.7,74.6,73.6,73.3,79.3,79.3,80.1,78.6,77.3,80.6,82.1,81.1,79.6,93.9,85.4,97.1,43,46.2,56,51.4,45.1,43.8,49.5,51.4,47,48.3,54.3,54,51.6,47.8,51.8,56.8,54.4,74.6,75.5,69.4,82.3,76.5,81.7,73.9,77.1,78.4,69.8,68.8,73.5,77.9,81.7,81.3,78.6,73.3,76.2,78.2,70.5,71.9,73.2,75.1,78.5,77.4,75.2,74.7,76.5,77.1,78,78.4,83.2,86.3,84.4,85.2,82.1,85.5,83.6,82.5,80.5,80.5,81.9,83.4,83.9,85,84.9,83.5,82.6,82.3,82.3,80.9,82
77.4,78.4,74,76,76.2,76,79.2,78.8,78.6,77.1,77.8,75.2,74.2,77,87.7,88.1,52.7,52.8,44.2,54.1,44.1,41.1,42.1,48.2,53.4,48,53.1,55.9,52.1,47.9,51.9,60.2,63.2,68.1,63.4,67.2,70.4,70.5,81.2,79.3,85.3,68,74.2,69.1,74.2,70.8,77.2,74.2,81,82.2,79.4,75.4,72.4,72.6,76.9,74,68.4,75.6,79,73.2,70.8,74.5,76.2,78.7,79.8,83,85.1,86.4,85,81.5,80.5,78.3,78.6,79.5,80.6,80.9,80.9,83.1,83.6,82.3,81.3,81.2,81.3,81.1,77.6,76.7
76.1,77.4,77.8,77.1,76.4,78,79.7,78.1,78.6,76.2,74,78.6,80.3,76,91.3,81.5,49.6,45.4,56.6,58,44.7,43,41.1,47,53.1,54.3,55.9,61.3,63,66.9,56.7,54.3,63.1,58.7,57.9,62,60.1,68.5,76.8,73.6,75,66.7,70.4,76.4,72.6,75.9,73,73.9,76.6,74.2,72.8,73.4,75,74.2,74.3,76,66.7,71,72.5,74.4,69.9,71.2,74.9,79.2,81.5,82.6,82.7,82.8,81,76.5,67.1,69.1,74.4,77.3,79,80.1,80.7,80.4,82.1,81.5,81,79.5,80.4,79.7,74.1,75
72.5,73.1,74.7,74.4,76.2,78.1,79.3,81.6,79.2,77.8,77.9,78.9,77.4,90.9,80.5,42.7,53.1,45.1,49.5,50.9,49.3,50.2,45.7,50.2,55.8,59.6,57.9,63.4,63.7,55.9,55,53,55,53.8,64.7,53.2,56.2,63.3,62.8,69.1,70.3,68.5,77.3,70.7,74.2,73.1,73.8,62,68.4,67.8,70.4,69.2,71,75.7,76.1,77.9,78.4,68.8,68.3,69.8,67,71,74.6,77.8,81,82.3,81.5,80.5,78.7,74,74.8,70.3,69,70,77.7,77.3,78.1,76.9,79.4,76.8,75.6,76.9,77.7,72.7,72.8,74
73.4,70.5,72.8,73.4,73.7,77.2,79.9,81.1,79.6,76.1,74.4,76.8,78.3,90.5,87.8,43.4,43.6,47,45.7,48.7,50.4,48.6,41.8,51.4,62.4,59.6,62.8,64.6,64.5,64.2,58.8,62.4,56.7,59.7,55.2,51.9,53.9,62.6,63.7,59.2,66.1,68.8,71,68.6,68.1,71.4,74.9,71.3,66.2,50.3,75.8,73.3,66,70.9,75.2,80.5,76,72.6,76,73.4,72.9,74.1,75.1,77.9,80.9,77.4,79.7,79.3,77.9,69.9,67.3,65,65.2,73,74.2,73,71.8,74.4,73.4,72.3,69.7,73.4,73.4,70.8,70.5,72.5
72.7,69,70.3,73,69.7,74.5,80.1,82.4,82.9,81.2,77.9,74.7,79.9,64.1,54.6,50.3,42.9,48.9,42.9,46.1,51.1,46,42.8,45,51.5,58.4,59.9,68.4,64.3,66.1,62.4,61.9,53.2,55.3,52.2,54.5,52.7,62.9,66.9,63.2,67.7,68.3,70.2,68.1,67.6,70.4,69.3,77.6,75.2,59,67.2,68.8,71.4,64.6,71,77.2,79.6,77,73.7,72.2,71.8,72.8,75.5,76.4,78.1,79.8,78.9,76.1,74.6,70.3,71.1,75.7,71.6,67.3,67.4,65.2,62.6,61.7,65.2,68.2,63.1,69.8,73,72.4,69.3,64.6
65.9,65.8,68,71.4,70.4,71.2,79.1,84.1,86.8,84.7,83.1,76.2,79.6,41.1,44.5,45,43.8,43.8,43.1,44.9,46.8,45.4,42.1,50.8,55.1,57.8,64.3,61.2,64.6,64.7,63.9,58.7,56.4,53.7,54.1,52.7,49.7,57.6,66.9,64.6,67.3,64.8,69.2,64.9,66.1,65.1,64.9,63,48.7,68,62.4,63.9,70.9,64,68.8,70.7,76.3,75.5,75.1,69.6,69.6,71.8,72.3,74.7,77.3,75.8,75.7,72.1,67.9,74.2,75.2,76,73.8,72.9,70.4,66.8,63.8,63.1,64.1,64.6,60.3,70.5,72.1,73.6,64.9,65.7
70.3,62.3,65.9,70.9,74.3,70.6,77.1,80.9,86,89.4,87.4,79.6,82.2,47.3,39.2,44.7,41.5,40,41.3,42.8,38.9,39.6,44.8,47.2,53.9,60.8,68.9,65.8,65.5,65.9,62.7,56.7,58.2,63.6,57.4,50.5,59.3,66.5,67.2,70.1,69.4,64.5,67.5,67.1,66.8,58,56.4,53.1,52.8,80,69.2,67.3,69.9,66.3,64.4,67.5,67.6,66.9,67.3,67.3,68.9,67.7,70,73.2,75.9,74.7,73.5,73.9,76.7,73.7,73.7,73,70.3,71.1,68.3,62.3,63.3,71.3,73.2,69.4,63.2,58.4,72.9,65.8,65.8,65.5
76.8,75.8,80.2,77,77.4,71.6,83.9,84,82.9,89.2,92.1,84.6,37.1,26.6,29.9,33.8,42.9,37.8,41.2,38.5,36.1,37.8,39.8,41.6,52,59.9,55.7,64.7,68.9,58.3,60.9,67.7,62.2,61.7,67.4,68.8,70,76.5,80.3,75.8,64.3,63.2,62.7,66.4,67.4,54.9,53.3,55.8,78.8,96.8,73.3,70.6,71.4,72.7,71,69.8,70.1,72.3,69.9,67.3,63.8,65.4,66.8,72.3,73,73.5,72,74.8,75,73.8,71.8,68.7,66.3,62.5,60.7,59.5,65.1,69.8,71,64.8,65.9,60,58.6,59,59.3,72.5
70.9,73,75.5,75.6,78.3,75.8,77.1,85.4,84,87.6,90.9,86.3,51.4,29.1,29.3,30.9,27.9,38.4,37.8,37.3,37.3,39.2,42.8,47.2,55.1,55.9,55.1,57.1,46.4,48.7,58.9,59.5,64.3,55.1,68.4,85.4,82.5,80,64.1,64.3,65.7,63.3,63.1,63.1,48.2,59,60,62.8,84.1,89.6,73.7,71.9,74.3,72,72.1,70.8,70.1,68.4,71,71.8,65.2,58.9,65.2,70.7,71.5,72.5,73.2,73.2,73.6,68.8,67,64.1,63.1,62.4,60.6,66.6,67.6,63.9,70.1,63.8,64.5,65.1,56.5,56.1,63,71.3
59.9,61.7,59.5,60.9,61.1,75.6,79.4,82.6,83.4,87.6,87,87.2,84.5,29.1,29.8,31.6,29.7,34.3,35,34.4,36.9,36.3,41.8,48.5,43.7,44.8,52.8,45.9,37.3,41.5,65.1,61,61.4,66.4,65.6,78,82.7,62.8,64,67.5,69.3,64.2,60.4,59.2,77.2,46.3,63.1,67,77.7,88,77.1,77,74.7,74.4,71.3,70.3,67.9,72.1,67.1,69.9,67.9,63,65.8,69.3,69.7,70.9,73.6,74.9,70,66.3,68.6,72.6,71.8,73.7,69.4,59.7,59.7,55.9,62.4,68.8,61.6,63.8,69,60.1,55.9,68.6
59.1,61.9,64.3,64.3,65.5,64,74.8,84,87.1,89.5,86.1,85,86.3,76.5,27.2,30.5,30.4,30.7,29.6,35.4,36.1,33.1,38.1,40.6,39.4,40.3,44,41,38.8,44.4,48.2,51.3,55.9,52.2,76.7,83.5,62.7,59.8,65.4,69,67.4,62.8,67.4,74.3,77.9,42.3,60.8,72.7,87.4,80.7,74.1,77.7,76,76.5,69.9,70,68.8,65.8,65.3,68.4,69.7,64.5,67.4,69.4,66.6,70.4,70.3,71.7,68.7,68.9,69.1,71.2,72.8,73.6,71.6,72.4,69.4,65.3,63.4,73.6,66.3,64.5,73.2,70.6,69.3,59.7
70.1,68.1,65.8,64.4,66.2,70.2,72.3,72.7,80.3,86.7,89.9,87.7,83.8,80.8,46.5,25.4,27.3,28.5,31.4,29.8,32.3,35.3,34.3,38.7,34.3,36.5,37.1,36.9,35.1,39.5,55.9,51.1,62.5,73.7,78.5,70.5,65.1,64.1,68,71.1,65.4,67,71.5,64.9,50.1,48.9,62.7,69.6,79.8,77.1,69.1,67.6,76.6,77,74.9,75.7,69.4,64.8,65.7,63.9,73,69.5,72.9,70.8,71.9,64.5,69.9,68.6,70.5,68.7,64.1,63.4,60.9,58.2,66.4,64.4,64.8,71.2,71.1,71.7,70.2,62.6,60.7,72.9,66.1,68
73.6,70.4,73,67.9,61.3,65.4,69,64,64.4,69.3,88.5,90.4,88.9,82.8,80,27.7,24.3,26.7,30.8,28.5,27.9,30.2,33.2,33.4,38.8,41.6,43.1,54.2,60.5,62.5,65.8,67.2,74.4,75.2,81.1,80.5,67.4,70.9,73.6,72.4,68.2,71.2,64.5,59.2,52.8,59.5,70.8,76.3,91.6,75.8,69.1,66.9,72.8,77.7,72.2,69,65.4,62.9,64.3,63.4,73.4,71.9,74.3,71.9,71.4,73,66.2,71.1,68.3,68.2,63.1,61.6,55.7,52.6,53.1,58.1,53.9,67.5,71,66.3,73,72.1,58.7,63.6,63.5,60.9
65.9,66.2,65.2,64.9,65.8,65.6,63.9,65.2,63.7,63.6,62.3,68.7,92.3,88,78.3,40.1,20.3,27,29.4,30.9,27.5,25.9,32.4,30.9,40.5,43,48,63,69.3,61.8,56.3,59.7,72.6,83.5,79.4,86,71.2,71.8,71.9,75,70.2,73.2,63.5,51.6,39.7,55.3,63.8,85.8,89.6,74.8,70.1,70.7,69.4,75,73.7,65.9,66.9,60.7,60.7,68.2,70.1,76.8,67.8,68.3,67.7,72.5,70,74.3,68.2,64.1,59.9,55.6,62.1,65,59.4,65.7,64.9,63.3,67.4,77.1,70.7,65.8,71.8,74.5,70.9,61.7
