demo/data/weather/current/current-total_precipitable_water-surface-level-gfs-1.0.json
{"header": {"discipline":0,"disciplineName":"Meteorological products","gribEdition":2,"gribLength":98339,"center":7,"centerName":"US National Weather Service - NCEP(WMC)","subcenter":0,"refTime":"2023-06-08T06:00:00.000Z","significanceOfRT":0,"significanceOfRTName":"Analysis","productStatus":0,"productStatusName":"Operational products","productType":0,"productTypeName":"Analysis products","productDefinitionTemplate":0,"productDefinitionTemplateName":"Analysis\/forecast at horizontal level\/layer at a point in time","parameterCategory":1,"parameterCategoryName":"Moisture","parameterNumber":3,"parameterNumberName":"Precipitable_water","parameterUnit":"kg.m-2","genProcessType":0,"genProcessTypeName":"Analysis","forecastTime":0,"surface1Type":200,"surface1TypeName":"Entire atmosphere layer","surface1Value":0,"surface2Type":255,"surface2TypeName":"Missing","surface2Value":0,"gridDefinitionTemplate":0,"gridDefinitionTemplateName":"Latitude_Longitude","numberPoints":65160,"shape":6,"shapeName":"Earth spherical with radius of 6,371,229.0 m","gridUnits":"degrees","resolution":48,"winds":"true","scanMode":0,"nx":360,"ny":181,"basicAngle":0,"lo1":0,"la1":90,"lo2":359,"la2":-90,"dx":1,"dy":1}, "data":
[rows 135 to 161 of 181, columns 122 to 182 of 360]
6.1900687,7.452469,7.8044686,8.142069,8.497269,8.447669,8.559669,8.812469,8.5420685,8.719668,8.620469,9.622068,9.028469,9.215669,13.169269,16.577269,14.7260685,15.510069,16.724468,15.326069,14.476469,14.617269,14.092469,14.425269,14.527669,15.921268,20.014069,24.758068,28.164469,31.32927,30.348469,24.623669,20.724468,16.975668,13.340468,13.703669,13.590069,12.743669,12.287669,11.263669,11.033269,10.682869,9.799668,9.183669,8.263669,7.814069,3.3004687,3.1164687,3.4252687,6.113269,7.4284687,7.495669,8.308469,8.143669,8.183669,8.062069,7.993269,8.084469,8.209269,8.500469,7.9308686
6.8156686,7.3244686,7.990069,7.7212687,7.6716685,7.5116687,8.098868,8.396469,7.8732686,8.799668,9.298869,9.463669,9.350069,11.798069,15.841269,16.577269,12.718069,13.012468,17.93727,14.606069,13.830069,12.084469,12.374069,13.078069,14.518068,14.303669,17.620468,24.119669,27.91647,30.137268,29.241268,21.59327,20.21567,17.377268,12.460468,13.126069,12.790069,11.271668,10.918069,10.4732685,11.006069,10.457269,9.862069,9.510069,8.846068,5.492469,8.169269,6.929269,5.8412685,7.369269,7.5020685,7.900469,7.679669,7.9884686,8.276468,8.276468,8.380468,8.610868,8.930869,8.719668,8.654069
6.5660686,7.4716687,7.7004685,7.303669,7.498869,7.6428685,7.889269,7.8908687,8.361269,8.370869,11.686069,10.142069,11.044469,14.446069,15.727669,14.778869,12.841269,14.106869,17.09887,14.044469,12.590069,11.486069,11.630069,12.663669,13.841269,14.623669,19.735668,26.750069,28.24767,29.359669,25.722868,21.89087,21.060469,17.58047,13.001268,12.361269,12.049269,11.586868,10.822069,10.2892685,10.436469,10.012468,9.868468,9.324469,8.801269,8.897268,8.244469,9.564468,8.817268,8.914868,8.055669,7.897269,7.918069,8.311668,8.234869,8.142069,8.070068,8.378869,8.294068,8.610868,8.743669
6.834869,7.614069,7.0172687,7.038069,6.9132686,7.372469,7.7532687,7.662069,7.863669,8.746869,11.937269,12.330869,12.526069,13.652469,14.2892685,12.052468,11.842869,13.218869,16.071669,14.284469,10.969269,9.962869,12.009269,13.188469,13.788468,15.439669,21.714869,26.095669,28.418869,26.756468,25.31647,22.993269,20.567669,19.23647,12.966069,13.194869,12.041268,10.734069,10.630069,10.202868,10.630069,10.031669,9.281269,9.185268,9.078069,8.846068,9.044469,9.319669,9.556469,9.582068,9.082869,9.095669,8.660469,8.623669,8.945269,9.321269,9.311668,9.271668,9.554869,9.519669,9.777268
6.886069,6.9164686,7.182069,7.3644686,7.1756687,7.095669,6.7180686,7.191669,7.889269,9.663669,11.302069,11.847669,12.494069,11.946869,12.474869,13.914868,15.337269,15.353269,14.404469,12.054069,11.118069,12.170869,13.575668,12.8812685,13.702068,17.887669,25.740469,26.609268,28.162868,28.025269,26.54847,26.159668,21.756468,20.530869,17.116468,13.826869,13.100469,11.121269,10.921268,10.132469,10.068469,9.986869,9.620469,9.338869,9.292469,9.446069,9.537269,9.186869,9.094069,9.454069,9.543669,9.534069,9.487669,9.201269,9.156468,8.964469,9.081268,9.258869,9.612469,10.030068,10.751669
6.6204686,7.0060687,7.1836686,6.852469,6.802869,6.7820687,7.162869,7.7148685,8.438068,9.689269,10.402869,11.510069,13.111669,14.777268,14.436469,15.351668,15.814069,16.151669,15.359669,12.900469,13.892468,14.756469,13.942069,12.716469,13.479669,21.066868,24.84607,26.31647,27.740469,28.228468,28.42207,25.999668,22.820469,19.369268,20.665268,14.556469,14.062069,12.225268,11.172469,11.241269,10.836469,9.844469,9.274869,9.466868,9.898869,10.673268,11.503669,13.634869,16.850868,19.332468,20.12127,18.84447,17.567669,17.08607,16.85727,16.41087,16.19007,17.08607,18.30687,20.07807,20.263668
6.474869,7.308469,8.390069,8.471669,8.409268,7.7244687,7.639669,7.444469,8.130869,9.306869,10.559669,12.466868,13.902069,16.08927,16.161268,15.969269,16.476469,15.977269,16.287668,16.414068,15.614069,13.730868,11.252469,12.150068,21.314869,24.19167,27.138868,27.34047,28.257269,27.855669,26.91487,25.62847,22.862068,20.14527,18.590069,17.729269,15.196468,12.150068,11.1916685,10.942069,10.862069,11.038069,11.962869,13.735669,15.121269,17.015669,17.658869,19.585268,20.63807,21.090868,21.230068,21.07647,21.070068,21.009268,20.70847,20.842869,21.462069,21.39647,21.10047,20.770868,20.81247
8.071669,9.132469,9.550069,9.681269,8.962869,7.983669,7.740469,8.455668,9.366069,11.087668,12.313269,13.711669,16.177269,16.89407,15.660469,14.497269,15.505269,16.817268,17.13247,15.913269,13.374069,10.034869,13.522869,19.694069,24.484468,25.713268,26.577269,27.19007,27.609268,27.817268,26.78847,25.358068,22.906868,18.924469,17.79967,17.46847,14.738869,12.913269,12.740469,12.986869,13.801269,15.265268,16.44287,17.884468,19.47807,20.44447,21.564468,21.622068,21.48927,21.20127,20.66047,20.588469,20.367668,19.678068,19.791668,19.46527,18.28127,18.596468,19.025269,18.66047,18.44287
9.634869,10.402869,11.342069,11.743669,11.452469,10.2604685,8.822069,9.321269,10.079669,10.926068,14.7548685,15.810869,16.99647,17.510069,15.567669,16.30527,13.588469,13.892468,15.047668,14.394869,16.193268,18.32767,21.82527,24.73247,25.289268,25.572468,26.633268,26.978868,27.026869,26.670069,25.92607,24.783669,24.302069,23.79007,23.198069,22.194868,19.079668,15.828468,15.124469,16.402868,17.930868,19.618868,19.750069,20.346869,19.874868,20.607668,20.486069,20.713268,20.924469,20.610868,20.441269,19.332468,17.590069,16.68607,14.609269,12.590069,11.817268,11.562869,11.841269,12.158069,12.281269
10.988469,12.522869,12.610868,12.327669,11.580469,10.649269,9.470069,9.889269,10.953269,15.142069,14.833269,16.556469,17.61567,18.252468,17.63807,16.484468,16.04287,16.004469,18.218868,19.51487,21.53567,23.138868,24.319668,24.62687,25.474869,26.08607,26.63967,26.51487,26.26047,25.96127,25.378868,25.415668,25.383669,25.369268,23.75487,22.45407,20.19167,19.414068,19.969269,20.687668,20.521269,19.572468,18.913269,18.567669,18.668468,18.359669,18.177269,17.614069,16.20447,14.294068,11.985269,10.719668,9.620469,9.0364685,8.945269,8.370869,8.116468,7.5436687,7.127669,6.6844687,6.679669
12.511669,13.4732685,14.079669,12.802869,12.420468,11.361269,10.834868,13.364469,14.041268,13.822069,16.150068,16.66367,17.24767,17.556469,19.142069,18.831669,18.83487,18.838068,20.354868,21.218868,22.175669,23.750069,23.956469,22.924469,22.137268,21.20287,20.26047,20.682869,21.446068,22.678068,21.798069,20.666868,20.79007,20.82367,21.25887,20.82527,20.439669,20.36447,19.473269,17.830069,16.655668,16.838068,16.75327,14.796469,12.474869,10.518068,9.121269,7.5980687,8.602869,8.660469,6.7964687,6.193269,5.6236687,5.697269,5.8988686,6.228469,6.4428687,6.610869,6.7836685,6.906869,7.3420687
13.214068,13.687669,14.023668,13.884469,13.943668,13.458869,13.897268,15.138868,15.911669,16.794868,16.978868,16.71807,17.97247,18.647669,19.82527,19.986868,21.026869,20.759668,20.367668,20.828468,21.633268,21.45407,22.038069,21.335669,20.601269,18.969269,17.998068,16.95167,19.02847,21.034868,21.073269,21.609268,21.986868,20.610868,19.401268,17.625269,16.58047,16.239668,15.742068,14.150068,12.578869,10.276468,8.1916685,6.2300687,5.742069,5.759669,5.889269,6.3244686,6.0780687,6.3564687,7.145269,7.3612685,7.113269,7.0828686,7.170869,7.2492685,7.3244686,7.4540687,7.481269,7.5628686,7.550069
13.406069,13.575668,14.114869,14.614069,14.353269,14.575668,14.3180685,14.850869,16.462069,17.774069,17.668468,17.809269,18.58047,19.503668,19.889269,20.03007,20.700468,20.884468,21.44447,21.713268,21.935669,22.35327,22.082869,21.76607,21.729269,21.44287,20.692469,20.150068,19.826868,20.010868,19.791668,18.51327,17.90527,17.14687,16.196468,13.991669,11.791669,10.700469,9.274869,7.823669,7.265269,7.5260687,5.759669,5.2780685,5.5196686,5.599669,6.0540686,6.740469,7.0252686,7.142069,7.3244686,7.615669,7.9244685,7.6924686,7.383669,7.383669,7.0172687,7.2492685,6.586869,6.513269,6.503669
13.782069,13.802869,14.041268,14.082869,14.039669,14.286069,14.295669,14.913269,15.626869,17.748468,18.412468,18.79007,19.058868,19.23647,18.922869,19.828468,20.090868,20.356468,20.30687,20.22367,19.28447,18.694069,18.492468,18.24927,17.700468,17.25887,16.878069,17.383669,17.345268,16.378868,15.206069,13.906869,12.585269,10.943668,9.9388685,8.116468,7.473269,7.636469,7.0108685,5.9596686,5.1580687,5.3356686,5.478069,5.4876685,6.167669,6.882869,7.113269,6.9852686,6.866869,6.766069,6.788469,6.518069,6.4940686,6.178869,6.0684686,5.716469,5.3900685,5.0860686,5.076469,5.4252687,5.274869
13.641269,13.700469,13.897268,13.796469,14.337269,14.758069,14.903668,15.615668,16.19007,17.423668,18.47967,18.690868,18.646069,18.89407,19.153269,19.073269,19.345268,18.394869,18.87967,17.714869,17.738869,17.378868,16.095669,15.166069,15.999669,15.713268,14.486069,12.311668,11.858869,10.834868,9.417269,8.769269,8.540469,8.140469,7.1900687,6.236469,5.458869,5.2636685,5.326069,5.3820686,5.7612686,6.1356688,6.5372686,6.460469,6.242869,6.105269,6.102069,6.090869,5.950069,5.828469,5.730869,5.553269,5.3596687,4.9948688,4.673269,4.8876686,4.6492686,4.575669,4.593269,4.5948687,4.809269
13.106869,13.290869,13.761269,13.911669,14.372469,14.758069,15.332469,15.959669,16.740469,17.668468,18.07807,18.806068,18.906868,18.56927,18.59167,18.58047,16.830069,16.311668,14.609269,13.959669,14.402869,14.735669,13.631669,15.510069,15.290869,13.337269,11.922869,11.156468,10.399669,9.356469,8.366069,7.6284685,6.708469,5.7580686,5.3468685,5.391669,5.524469,5.8588686,5.857269,5.5196686,5.178869,5.0924687,4.9964685,4.946869,4.9852686,5.0460687,5.1180687,4.9916687,4.8012686,4.4764686,4.1900687,4.0652685,3.9772687,4.087669,3.8780687,3.8108687,4.102069,3.8332686,3.8380687,3.6108687,3.6012688
12.201269,12.378869,13.151669,13.814069,14.535668,14.841269,15.641269,16.20447,17.222069,17.505268,17.783669,18.108469,18.418869,17.60447,17.002869,16.60447,17.058868,16.862068,16.40767,15.591669,15.364469,14.945269,14.044469,13.270069,12.511669,11.812469,10.618869,9.345269,8.721269,6.9196687,5.3964686,5.5148687,5.615669,5.337269,5.2556686,5.102069,4.7244687,4.2588687,4.0860686,4.153269,4.2444687,4.286069,4.380469,4.2236686,3.7932687,3.4028687,3.3228688,3.3020687,3.2748687,3.1804688,3.1644688,3.1852686,3.1708686,3.2764688,3.2428687,3.1900687,3.2684689,3.2460687,3.2556686,3.0268688,3.0684688
10.961268,11.545269,13.026869,13.631669,14.231668,14.8524685,15.276468,15.729269,16.27327,16.761269,17.073269,17.038069,16.88127,16.428469,16.578869,16.29407,16.03007,15.761269,14.982069,14.449268,13.966069,12.937269,11.756469,10.583669,9.108469,8.554869,7.0748687,5.0140686,4.474869,4.607669,4.5836687,4.585269,4.5308685,4.286069,3.9868689,3.9212687,3.8972688,3.6492689,3.3516688,3.2972689,3.1004686,2.8972688,2.7836688,2.7836688,2.7788687,2.7132688,2.6844687,2.6636686,2.5708687,2.7068686,2.5116687,2.5036688,2.6764688,2.6604688,2.6268687,2.6140687,2.6284688,2.6300688,2.7196689,2.4348688,2.5564687
11.207668,11.822069,13.236468,13.207668,13.329268,13.626869,14.250869,14.439669,14.807669,14.863668,15.089269,15.2604685,15.097269,14.730868,14.247669,13.433269,12.0652685,10.825269,10.193269,9.474869,8.319669,7.762869,7.314869,5.164469,4.062069,4.0780687,4.2620687,4.4140687,4.586869,4.3644686,4.188469,4.0860686,3.8908687,3.7900689,3.5596688,3.1212687,2.7532687,2.5900688,2.6284688,2.5276687,2.3164687,2.1884687,2.1452687,2.1052687,2.1084688,2.2156687,2.1260688,2.0476687,2.1468687,1.9964688,2.2012687,1.9852687,2.0332687,2.1500688,2.2396688,2.3100688,2.2012687,2.3132687,2.4380689,2.5788689,2.7164688
11.489268,11.903668,12.524468,12.479669,12.166069,12.143669,12.756469,12.8812685,13.038069,13.071669,13.068469,12.857268,11.838069,10.911669,10.242868,9.687669,8.903668,7.857269,6.7292686,5.2620687,4.271669,3.8572688,3.8348687,4.047669,4.268469,4.4540687,4.5692687,4.2444687,3.7148688,3.3132687,2.9116688,2.4300687,2.3196688,2.3068688,2.2876687,2.0684688,1.8828688,1.8700688,1.8156687,1.8412688,1.8412688,1.8124688,1.7676687,1.7708688,1.7276688,1.7004688,1.6780688,1.7116687,1.7084688,1.5516688,1.4956688,1.6252687,1.8764688,2.0540688,2.2700686,2.3372688,2.4492688,2.6012688,2.7708688,2.9212687,3.0220687
10.836469,10.774069,11.098868,11.113269,11.015669,10.905269,10.706869,10.916469,10.740469,10.038069,8.985269,8.126069,7.3612685,6.929269,5.9964685,4.8652687,3.7820687,3.5996687,4.018869,4.217269,4.2012687,4.2588687,4.3564687,4.1756687,3.7468688,3.3356688,2.9756687,2.5916688,2.1868687,1.9516687,1.8252687,1.8028687,1.7356688,1.6044687,1.5196687,1.5084687,1.4572687,1.4476688,1.3996687,1.3612688,1.4076687,1.4444687,1.5180688,1.6156688,1.7436688,1.6252687,1.4700687,1.4140687,1.5452688,1.5436687,1.6012688,1.6844687,1.9004687,2.1052687,2.5020688,2.6284688,2.6748688,2.8028688,2.8764687,3.1004686,3.2412686
8.959669,9.177269,9.3468685,9.153269,8.738869,8.230069,7.630069,7.466869,7.0860686,6.305269,5.785269,5.5052686,5.062069,4.3900685,4.0892687,4.145269,4.319669,4.1980686,3.5644689,2.9068687,2.7948687,2.8172688,2.8524687,2.6444688,2.4636688,2.2028687,2.0988688,1.9612688,1.8188688,1.6652688,1.5324688,1.3308687,1.1884687,1.1500688,1.0828687,1.0412687,1.0380688,1.0636687,1.1180687,1.1276687,1.0620687,1.0092688,1.0284687,1.0860687,1.1772687,1.3180687,1.4012687,1.4172688,1.4892688,1.5580688,1.6748687,1.9900688,2.3708687,2.6044688,2.6012688,2.5500689,2.5484688,2.6684687,2.7660687,2.7596688,2.8012688
7.1212687,6.444469,6.098869,5.9564686,5.383669,5.4828687,5.386869,5.047669,4.3500686,4.415669,4.167669,3.7596688,3.4156687,3.1372688,2.8108687,2.7196689,2.6892688,2.6092687,2.3612688,2.1276689,1.9148687,1.9836688,1.7692688,1.9676688,1.8988688,1.8492688,1.7260687,1.5516688,1.3276688,1.1836687,1.0380688,1.0780687,1.0764687,1.0844687,1.1276687,1.0860687,1.0332688,0.98366874,0.86046875,0.7916688,0.81406873,0.85406876,0.8764688,0.8092688,0.8348687,0.82846874,0.8524687,0.92766875,1.0268687,1.1900687,1.4300687,1.6076688,1.7404687,1.9004687,1.8748688,1.8076688,1.8860687,2.0220687,2.1276689,2.2764688,2.6780686
4.8876686,4.889269,4.5740685,4.332469,4.134069,4.073269,4.0396686,4.007669,3.8156688,3.5532687,3.3100688,3.0140688,2.7420688,2.5964687,2.4492688,2.3132687,2.1900687,2.0236688,1.8572687,1.7100687,1.5612688,1.6188687,1.4828688,1.1916687,1.1116687,1.1868688,1.1452688,1.0700687,0.9468688,0.85086876,0.7820687,0.75806874,0.8236688,0.91966873,1.0604688,1.0892688,1.0716687,1.0252688,0.87806875,0.7644687,0.76926875,0.91966873,1.0124687,0.99166876,0.9404687,0.87486875,0.89886874,0.9644688,1.0556687,1.1212687,1.3852688,1.5276687,1.5324688,1.6524688,1.7660687,1.7932688,1.8492688,2.0796688,2.2716687,2.4812686,2.7772686
3.7084687,3.5868688,3.4524686,3.3212688,3.1868687,3.0892687,2.9644687,2.8092687,2.6172688,2.4636688,2.3324687,2.0316687,1.8652687,1.6988688,1.5468688,1.4364687,1.3516687,1.3100687,1.2348688,1.2012688,1.2108687,1.1548687,1.0588688,0.95486873,0.88926876,0.80766875,0.7180688,0.6268687,0.56606877,0.5596688,0.52926874,0.47646874,0.44606876,0.5564687,0.73726875,0.8764688,0.99006873,0.98846877,1.0380688,1.0604688,1.1772687,1.2316687,1.1772687,1.1692687,1.1388688,1.1388688,1.1436688,1.0956688,1.0604688,1.1068687,1.2172687,1.4156687,1.6108687,1.8060688,2.2268689,2.6540687,3.1788688,3.2732687,3.2540689,3.2956688,3.2716687
2.6412687,2.5532687,2.4700687,2.3660688,2.2620687,2.1436687,2.0652688,1.9340688,1.7708688,1.6364688,1.4588687,1.2908688,1.1292688,1.0668688,1.0268687,0.95326877,0.8972688,0.84766877,0.74846876,0.68126875,0.65406877,0.6092687,0.55806875,0.5244688,0.49726874,0.45886874,0.42846876,0.40926874,0.39966875,0.38846874,0.39326876,0.39166874,0.35006875,0.30846876,0.29886875,0.32286876,0.33886874,0.37566876,0.87486875,1.1516688,0.98846877,1.1564687,1.3548688,1.4732687,1.4876688,1.4684688,1.4060688,1.3564688,1.3532687,1.3980688,1.4876688,1.9836688,2.2972689,2.4076688,2.6828687,3.1292686,3.5244687,3.5884688,3.5452688,3.5164688,3.7180688
2.0268688,1.9532688,1.8796687,1.7868687,1.6812687,1.5628687,1.4316688,1.3100687,1.2124687,1.1116687,1.0348687,0.9644688,0.89566875,0.82526875,0.75806874,0.70846874,0.65406877,0.6092687,0.5628688,0.5068688,0.46046874,0.42206874,0.39966875,0.38686875,0.37406874,0.37406874,0.37886876,0.37406874,0.36286876,0.35326874,0.35166875,0.34206876,0.33406875,0.32286876,0.30526876,0.29726875,0.28926876,0.31486875,0.41726875,0.74526876,0.8908687,0.55486876,1.1196687,1.0876688,0.8972688,1.2172687,1.4316688,1.5932688,1.8300687,1.9964688,2.1916687,2.4588687,2.5980687,2.7676687,2.7708688,3.1500688,3.6876688,3.9324687,3.8700688,3.5116687,3.5948687
