demo/data/weather/current/current-precipitation_rate-isobaric-1000hPa-gfs-1.0.json
{"header": {"discipline":0,"disciplineName":"Meteorological products","gribEdition":2,"gribLength":50115,"center":7,"centerName":"US National Weather Service - NCEP(WMC)","subcenter":0,"refTime":"2023-06-08T06:00:00.000Z","significanceOfRT":1,"significanceOfRTName":"Start of forecast","productStatus":0,"productStatusName":"Operational products","productType":1,"productTypeName":"Forecast products","productDefinitionTemplate":0,"productDefinitionTemplateName":"Analysis\/forecast at horizontal level\/layer at a point in time","parameterCategory":1,"parameterCategoryName":"Moisture","parameterNumber":7,"parameterNumberName":"Precipitation_rate","parameterUnit":"kg.m-2.s-1","genProcessType":2,"genProcessTypeName":"Forecast","forecastTime":0,"surface1Type":1,"surface1TypeName":"Ground or water surface","surface1Value":0,"surface2Type":255,"surface2TypeName":"Missing","surface2Value":0,"gridDefinitionTemplate":0,"gridDefinitionTemplateName":"Latitude_Longitude","numberPoints":65160,"shape":6,"shapeName":"Earth spherical with radius of 6,371,229.0 m","gridUnits":"degrees","resolution":48,"winds":"true","scanMode":0,"nx":360,"ny":181,"basicAngle":0,"lo1":0,"la1":90,"lo2":359,"la2":-90,"dx":1,"dy":1}, "data":
[rows 102 to 135 of 181, columns 156 to 233 of 360]
4E-6,4.8E-6,8E-6,8.8E-6,1.92E-5,3.76E-5,3.2E-5,6.64E-5,0.0001216,0.0001488,0.0001072,9.28E-5,0.0001568,8E-7,3.2E-6,2.4E-6,2.48E-5,4.64E-5,8E-7,9.92E-5,7.28E-5,9.6E-6,8E-7,8E-7,8E-7,0,0,0,8E-7,5.36E-5,1.52E-5,3.2E-6,1.04E-5,2.32E-5,8.64E-5,4.48E-5,8E-5,8.64E-5,0.0001248,0.0001144,9.6E-5,1.2E-5,1.76E-5,1.68E-5,7.2E-6,6.4E-6,2.4E-6,1.6E-6,8E-7,1.6E-6,4E-6,3.68E-5,1.12E-5,9.6E-6,1.84E-5,6.4E-6,1.76E-5,7.36E-5,0.000164,0.0002424,0.0002488,0.0001048,0.0001144,2.08E-5,8E-7,3.12E-5,6.4E-6,2.32E-5,4.8E-6,2.4E-6,0,0,0,0,0,0,0,0
8.8E-6,1.04E-5,1.52E-5,1.44E-5,4.8E-6,8E-6,8.8E-6,8.8E-6,2.08E-5,9.36E-5,0.0001344,9.52E-5,0.0001616,4.96E-5,6.32E-5,1.04E-5,7.2E-6,8.32E-5,0.0001256,8.8E-6,0.0002272,4.48E-5,2.4E-6,4.64E-5,3.2E-6,0,0,0,0,0,4.08E-5,3.12E-5,9.6E-6,4.08E-5,1.28E-5,6.96E-5,0.0001488,4.8E-6,8.64E-5,8.08E-5,4.08E-5,3.68E-5,1.44E-5,3.04E-5,8.8E-6,8E-6,0,3.2E-6,3.2E-6,2.4E-6,5.6E-6,8.8E-6,6.4E-6,2.4E-6,2.4E-6,2.4E-6,3.2E-6,2.4E-6,3.92E-5,6.32E-5,6.56E-5,0.0001112,0.0001128,0.00014,2.88E-5,1.6E-5,7.2E-6,4E-6,0,3.2E-6,0,1.6E-5,0,0,0,0,0,0
7.2E-6,2.4E-5,2.16E-5,2E-5,1.04E-5,1.6E-6,1.6E-6,3.2E-6,4.8E-6,6.4E-6,2.16E-5,2.64E-5,4.32E-5,8.16E-5,0.0001112,7.68E-5,2.32E-5,3.2E-6,4.16E-5,8.64E-5,8.56E-5,7.68E-5,3.52E-5,7.52E-5,1.76E-5,0.0001176,4E-6,1.6E-6,8E-7,2.8E-5,7.2E-6,4.88E-5,0.0001488,9.36E-5,6.4E-5,6.64E-5,0.0001128,0.0001328,8E-6,1.6E-6,1.6E-6,2.4E-6,8E-6,1.36E-5,1.28E-5,9.6E-6,1.6E-6,4.8E-6,1.6E-6,1.6E-6,1.6E-6,4.8E-6,5.6E-6,1.6E-6,8E-7,0,8E-7,1.6E-6,3.2E-6,9.6E-6,2.32E-5,2.16E-5,1.04E-5,3.28E-5,8.08E-5,0.0001128,8.32E-5,1.6E-6,6.48E-5,0.0001448,7.36E-5,4E-6,0,4.8E-5,1.6E-5,0.000112,5.12E-5,1.6E-6
1.6E-6,1.12E-5,1.6E-5,1.28E-5,2.4E-6,0,0,8E-7,8E-7,2.4E-6,8E-6,1.84E-5,1.12E-5,1.28E-5,5.76E-5,2.24E-5,8.08E-5,5.6E-6,2.16E-5,8E-6,0.0002192,0.0001392,1.6E-5,7.84E-5,0.0001088,0.0001312,4.48E-5,5.04E-5,8.24E-5,0.0001576,0.0001176,6.4E-6,0.0002024,0.0001104,6.4E-5,0.0001824,7.76E-5,9.6E-6,8E-6,3.2E-6,3.2E-6,4E-6,8E-7,8E-7,4.8E-6,1.68E-5,1.36E-5,1.6E-6,2.4E-6,8E-7,0,0,0,8E-7,8E-7,0,0,0,0,2.4E-6,4.8E-6,8.8E-6,1.76E-5,2E-5,9.6E-6,3.2E-6,4.24E-5,7.84E-5,0.0001192,0.0001968,0.0003184,2.16E-5,0,8E-7,0,0,8E-7,6.32E-5
1.6E-6,8E-7,5.6E-6,4.8E-6,8E-7,0,0,0,0,0,0,4E-6,1.12E-5,4E-6,1.6E-6,4E-6,8E-6,2.48E-5,2.8E-5,0.0001168,0.0001632,0.000408,0.000352,0.000308,0.0002288,0.00068,0.00014,4.24E-5,6.48E-5,0.0001728,0.0002912,4.24E-5,0.0004752,0.0003216,0.00024,1.68E-5,4.8E-6,4.8E-6,4E-6,2.4E-6,8E-7,0,0,0,0,2.4E-6,1.12E-5,3.2E-6,1.36E-5,4E-6,8E-7,8E-7,8E-7,1.6E-6,0,0,0,0,0,8E-7,0,8E-7,5.6E-6,7.2E-6,1.12E-5,1.04E-5,4E-6,1.6E-6,3.52E-5,0.000132,0.0001576,6.72E-5,2.88E-5,2.96E-5,1.6E-5,1.6E-6,4E-6,1.6E-6
9.6E-6,1.36E-5,6.4E-6,1.6E-6,8E-7,1.6E-6,2.4E-6,0,0,0,0,0,0,8E-7,1.6E-6,2.4E-6,2.4E-6,4E-6,2.16E-5,1.76E-5,6.16E-5,0.0001408,0.0003152,0.000264,0.0001016,0.0007352,0.0009352,0.0002112,1.92E-5,2.64E-5,0.0003208,0.000416,0.0004896,0.004016,0.0010728,5.6E-6,3.2E-6,2.4E-6,1.6E-6,8E-7,0,0,8E-7,2.4E-6,0,3.2E-6,5.6E-6,8E-7,5.6E-6,3.2E-6,1.6E-6,7.2E-6,1.28E-5,1.04E-5,8E-7,8E-7,8E-7,0,0,0,0,0,2.4E-6,1.6E-6,4.8E-6,4E-6,1.6E-6,6.4E-6,0,1.6E-6,8E-7,7.2E-6,1.6E-5,1.12E-5,1.12E-5,8.8E-6,2.16E-5,1.52E-5
7.2E-6,1.6E-6,1.6E-6,8E-7,0,0,2.4E-6,1.6E-6,0,1.6E-6,3.2E-6,0,0,0,0,0,0,0,0,8E-6,3.2E-5,2.24E-5,0.0001464,0.0008728,0.000356,0.0002736,0.0004152,0.001012,0.0004056,4.56E-5,0.000116,0.0004976,0.0005592,0.0019552,0.0022792,5.6E-6,4E-6,1.6E-6,2.4E-6,1.6E-6,8E-7,0,0,8E-7,0,8E-7,3.2E-6,4.8E-6,8E-7,0,1.44E-5,5.6E-6,4E-6,8E-7,8E-7,0,0,0,0,0,0,0,0,0,0,0,0,0,0,8E-7,1.6E-6,2.4E-6,1.12E-5,1.52E-5,9.6E-6,1.6E-6,4E-6,5.28E-5
6.4E-6,8E-7,0,8E-7,6.4E-6,6.4E-6,4.8E-6,8E-7,8E-7,8E-7,1.04E-5,1.28E-5,4E-6,8E-7,0,8E-7,0,0,0,0,9.6E-6,1.44E-5,7.36E-5,0.000204,5.52E-5,6.4E-6,0.0001752,0.0001256,0.0003144,8.08E-5,1.36E-5,0.000168,0.000732,0.000628,0.0003984,7.76E-5,8E-7,8E-7,0,0,8E-7,0,1.6E-6,2.4E-6,0,5.6E-6,4.8E-6,4E-6,0,3.2E-6,1.92E-5,1.36E-5,3.2E-6,2.4E-6,1.6E-6,0,2.4E-6,0,8E-7,8E-7,0,1.6E-6,0,0,0,8E-7,8E-7,8E-7,0,0,0,0,1.6E-6,5.6E-6,1.36E-5,1.76E-5,3.44E-5,4.4E-5
4E-6,8E-7,7.2E-6,1.6E-6,9.6E-6,9.6E-6,7.2E-6,4E-6,0,0,3.2E-6,8.8E-6,2.16E-5,2.24E-5,1.04E-5,6.4E-6,1.6E-6,2.4E-6,0,0,0,1.44E-5,1.28E-5,2.24E-5,0.0001328,6.48E-5,2.48E-5,8.8E-6,5.04E-5,0.0001456,7.6E-5,3.76E-5,0.0001312,0.001572,0.0005672,0.0001304,4.8E-6,2.4E-6,1.84E-5,7.2E-6,1.6E-5,6.4E-6,1.6E-5,1.36E-5,4E-6,5.6E-6,2.4E-6,8E-7,0,3.04E-5,4.56E-5,3.12E-5,4.8E-6,2.4E-6,0,1.6E-6,1.6E-6,0,0,0,6.4E-6,6.4E-6,8E-7,0,3.2E-6,1.6E-6,0,0,0,0,0,0,0,0,0,2.4E-6,1.44E-5,1.2E-5
1.6E-6,1.6E-6,5.6E-6,9.6E-6,2.4E-6,2.4E-6,1.2E-5,8.8E-6,8E-7,0,0,8E-7,6.4E-6,8E-7,8E-7,4.8E-6,3.2E-6,1.6E-6,1.6E-6,0,8E-7,6.4E-6,2E-5,2.08E-5,0.0001272,9.84E-5,7.68E-5,4E-5,6.4E-6,2.4E-6,1.92E-5,3.68E-5,6.8E-5,0.0001848,0.0010376,0.0003016,3.28E-5,8E-7,1.04E-5,3.12E-5,3.84E-5,2.24E-5,7.2E-6,1.52E-5,2.56E-5,1.92E-5,1.44E-5,8.8E-6,4.08E-5,4.4E-5,5.52E-5,2.32E-5,3.2E-6,8E-7,0,8E-7,0,0,0,0,5.6E-6,5.6E-6,1.6E-6,0,0,0,8E-7,3.2E-6,8E-7,8E-7,0,0,0,0,0,0,4E-6,2.4E-6
1.6E-6,3.2E-6,5.6E-6,0,0,0,0,1.6E-6,8E-7,0,1.6E-6,7.2E-6,1.52E-5,8E-7,3.2E-6,1.12E-5,4.8E-6,5.6E-6,3.2E-6,1.04E-5,1.6E-6,3.2E-6,2.4E-6,1.36E-5,0,0.00016,0.0002392,8.24E-5,9.92E-5,1.68E-5,8E-5,0.000196,9.28E-5,0.0001936,0.0011616,0.000188,3.6E-5,1.04E-5,6.4E-6,3.84E-5,1.92E-5,7.2E-6,1.36E-5,1.12E-5,2.96E-5,2.96E-5,2.48E-5,3.92E-5,5.04E-5,1.6E-5,1.6E-6,0,0,1.6E-6,9.6E-6,1.36E-5,1.84E-5,2.16E-5,1.52E-5,9.6E-6,1.36E-5,1.28E-5,4E-6,8E-7,8E-7,8E-7,0,0,8E-7,9.6E-6,1.6E-6,0,0,0,1.6E-6,0,2.4E-6,7.2E-6
0,3.2E-6,8E-7,0,1.6E-6,3.2E-6,3.2E-6,5.6E-6,1.6E-6,7.2E-6,9.6E-6,2.64E-5,2.4E-6,8E-7,4E-6,6.4E-6,3.2E-6,0,0,8E-7,2.4E-6,5.6E-6,1.6E-6,0,1.44E-5,0.0001992,0.0001296,0.0001656,0.0001872,0.0001864,0.0002072,0.0005424,0.00032,0.0003032,0.0005128,0.0008592,0.000272,8E-7,8.8E-6,8E-7,9.6E-6,1.12E-5,1.52E-5,1.52E-5,2.64E-5,1.04E-5,7.2E-6,8E-6,2.48E-5,7.2E-6,2.4E-6,3.2E-6,6.4E-6,1.44E-5,1.2E-5,2.4E-6,1.6E-6,1.84E-5,1.92E-5,1.6E-6,0,0,0,0,0,0,1.6E-6,8E-7,8E-7,8E-7,8E-7,0,0,0,5.6E-6,4E-6,9.6E-6,2.8E-5
0,8E-7,0,0,5.6E-6,1.36E-5,4E-6,9.6E-6,8E-7,2.48E-5,4.96E-5,1.84E-5,6.4E-6,2.48E-5,3.92E-5,4.8E-5,3.6E-5,3.44E-5,6.4E-6,2.4E-5,1.84E-5,1.6E-6,8E-7,8E-7,0,3.2E-6,0.0001432,6.48E-5,9.36E-5,7.84E-5,0.000128,0.0004728,7.52E-5,0.000224,0.0005216,0.0018704,0.0005928,0.000184,7.2E-6,0,1.84E-5,1.52E-5,1.84E-5,1.92E-5,1.52E-5,1.36E-5,8E-6,4E-6,4E-6,4.8E-6,4E-6,3.2E-6,1.6E-6,8E-7,1.6E-6,8E-7,8E-7,0,0,0,0,0,0,0,0,8E-7,8E-7,8E-7,0,8E-6,8E-7,0,8E-7,3.2E-6,1.04E-5,3.2E-6,1.6E-5,6.4E-6
0,3.2E-6,0,8E-7,5.6E-6,1.6E-5,1.92E-5,8.8E-6,1.04E-5,1.28E-5,1.52E-5,1.84E-5,1.04E-5,5.12E-5,9.52E-5,1.28E-5,1.76E-5,2.16E-5,1.36E-5,1.12E-5,7.2E-6,8E-6,1.76E-5,0,5.6E-6,2.4E-6,4E-6,0,0,0,9.84E-5,6.8E-5,0.0004664,0.0001728,0.0004576,0.0013416,0.0011928,0.00032,6.4E-6,8.8E-6,8E-6,2.4E-6,8.8E-6,1.28E-5,5.6E-6,4.8E-6,1.2E-5,1.04E-5,6.4E-6,7.2E-6,5.6E-6,2.4E-6,8E-7,0,0,0,0,0,0,0,0,0,8E-7,0,0,8E-7,0,0,7.2E-6,8E-6,0,0,8E-7,2.4E-6,4E-6,3.2E-6,6.88E-5,9.28E-5
1.6E-6,8E-7,8E-7,4.8E-6,1.28E-5,1.36E-5,3.2E-6,4E-6,1.04E-5,6.4E-6,1.2E-5,5.6E-6,1.92E-5,3.28E-5,1.28E-5,8.8E-6,3.44E-5,3.44E-5,1.76E-5,7.2E-6,1.6E-5,2.88E-5,3.2E-5,8.8E-6,8E-7,1.12E-5,2E-5,1.12E-5,8E-7,0,0,0.0001184,0.0002176,0.0001952,0.0003776,0.000308,0.0002688,0.0001392,2.96E-5,7.2E-6,0,3.2E-6,4E-6,3.2E-6,8E-7,8E-7,0,1.6E-6,1.6E-6,1.6E-6,0,0,0,0,0,0,1.6E-6,0,0,0,0,0,0,2.4E-6,1.6E-6,3.2E-6,8E-7,2.4E-6,2.24E-5,2.08E-5,1.6E-6,1.6E-6,0,4.8E-6,6.64E-5,5.84E-5,5.52E-5,0.000148
0,0,0,1.36E-5,8.8E-6,9.6E-6,8E-7,1.6E-6,4.8E-6,5.6E-6,8E-6,8E-7,0,0,8E-7,1.12E-5,1.6E-5,5.84E-5,2.72E-5,3.28E-5,1.28E-5,2.88E-5,3.44E-5,1.76E-5,4E-6,0,1.92E-5,2.4E-5,1.52E-5,8E-7,0,1.92E-5,7.36E-5,0.0003656,0.0003552,0.000416,0.0001344,0.000124,7.76E-5,3.2E-6,8E-7,2.4E-6,4E-6,3.2E-6,1.6E-6,0,0,0,0,8E-7,0,0,4.8E-6,8E-6,5.6E-6,4.8E-6,9.6E-6,1.04E-5,1.6E-6,0,8E-7,8E-7,3.2E-6,1.6E-6,3.2E-6,8E-6,1.2E-5,4.8E-6,2.48E-5,2.08E-5,8E-7,4.8E-6,6.4E-6,4.8E-5,7.36E-5,0.0001144,3.44E-5,0.0001096
0,0,0,8.8E-6,2.32E-5,8E-7,0,1.6E-6,3.2E-6,8E-6,1.2E-5,8E-7,8E-7,8E-7,8E-7,8.8E-6,1.6E-5,1.92E-5,2.16E-5,2E-5,2.48E-5,2.96E-5,3.44E-5,3.92E-5,4.8E-6,8E-6,1.6E-6,6.4E-6,4.4E-5,1.6E-6,0,0,3.2E-6,0.0001464,0.0001272,0.0005776,0.0001488,0.000228,0.000116,3.2E-6,6.4E-6,4.8E-6,3.2E-6,1.6E-6,1.6E-6,8E-7,0,4.8E-6,5.6E-6,3.2E-6,4.8E-6,4E-6,3.2E-6,2.4E-6,5.6E-6,7.2E-6,7.2E-6,1.28E-5,2.48E-5,2.48E-5,3.36E-5,3.12E-5,1.2E-5,8E-7,8E-6,9.6E-6,3.2E-5,4.16E-5,3.2E-6,1.12E-5,2.4E-6,8E-7,9.6E-6,3.52E-5,4.72E-5,0.000336,0.0001368,0.00026
0,0,0,4.8E-6,1.12E-5,7.2E-6,0,0,8E-7,8E-7,0,0,1.6E-6,1.6E-6,1.6E-6,3.2E-6,8.8E-6,2.4E-5,2.08E-5,3.28E-5,2.4E-5,1.6E-5,2E-5,7.76E-5,2.8E-5,1.2E-5,4E-6,8E-7,2.48E-5,1.6E-6,0,0,0,6.16E-5,0.0001416,0.0004464,0.000636,0.0005616,0.0002864,5.6E-6,8E-6,8E-6,4E-6,4E-6,7.2E-6,9.6E-6,1.12E-5,4.8E-6,0,0,0,0,0,8E-7,8E-7,8E-7,8E-7,8E-7,8E-7,8E-7,5.6E-6,3.68E-5,0.0001224,6E-5,1.84E-5,4.8E-6,1.6E-5,3.76E-5,3.2E-6,2.4E-5,1.44E-5,1.6E-6,1.84E-5,9.36E-5,0.0003152,0.000184,0.0001648,0.0001616
0,0,8E-7,2.4E-6,1.6E-6,2.64E-5,0,0,1.6E-6,2.4E-6,8E-7,3.2E-6,4E-6,2.4E-6,2.4E-6,7.2E-6,1.76E-5,3.44E-5,8.8E-5,4.8E-5,4.4E-5,2.08E-5,1.28E-5,2.08E-5,0.0001528,0.000132,8.08E-5,2.4E-6,4.8E-6,1.36E-5,0,0,0,0,6.96E-5,0.000404,0.000312,0.0005904,0.0001016,2.16E-5,1.36E-5,8E-6,1.6E-5,2E-5,8E-6,8E-7,0,0,0,0,8E-7,8E-7,8E-7,8E-7,8E-7,4E-6,3.2E-6,3.2E-6,1.6E-6,3.2E-6,8E-7,8E-7,3.2E-6,4E-5,8.32E-5,9.36E-5,0,2.88E-5,3.52E-5,1.6E-6,1.52E-5,5.6E-6,0.0001296,0.0003216,0.0004088,0.000152,0.0001344,5.36E-5
2.4E-6,1.6E-6,0,1.6E-6,1.6E-6,2.16E-5,2.56E-5,1.36E-5,3.2E-6,6.4E-6,2.4E-6,2.4E-6,7.2E-6,4.8E-6,1.6E-6,4E-6,2.4E-5,6.16E-5,2.16E-5,1.28E-5,1.6E-5,1.84E-5,1.6E-6,8.32E-5,0.000188,4.72E-5,8.48E-5,2.4E-6,3.2E-6,2.8E-5,0,0,0,0,0.0001584,0.0001736,0.0011376,0.000464,0.0002048,6.56E-5,6.4E-6,1.92E-5,2E-5,1.6E-6,0,0,0,0,8E-7,8E-7,8E-7,8E-7,0,0,8E-7,1.6E-6,3.2E-6,2.4E-6,1.6E-6,3.2E-6,5.6E-6,2.4E-6,5.6E-6,7.2E-6,1.2E-5,9.2E-5,5.44E-5,1.76E-5,6.4E-6,1.6E-6,1.6E-6,0,0.0002816,0.00086,0.0005232,0.0001416,8.88E-5,5.04E-5
1.36E-5,9.6E-6,0,0,1.2E-5,5.36E-5,4.96E-5,2.4E-6,4E-6,3.2E-6,3.2E-6,6.4E-6,8.8E-6,8E-6,3.2E-6,6.4E-6,1.12E-5,5.76E-5,3.92E-5,2.32E-5,5.6E-5,1.2E-5,8E-7,0.0001288,0.0002608,0.0001032,0.0001032,5.12E-5,2.24E-5,2.32E-5,0,0,0,0,0.0001464,0.0008104,0.0017768,0.0006464,0.0001432,3.2E-5,2.08E-5,5.6E-6,0,0,0,0,0,2.4E-6,8E-7,1.6E-6,8E-7,8E-7,4E-6,1.36E-5,1.68E-5,1.68E-5,1.2E-5,1.76E-5,1.84E-5,1.44E-5,8E-6,7.2E-6,8E-6,1.36E-5,6.4E-6,6.4E-6,7.04E-5,0,8E-7,8E-7,0,0,0.000808,0.0015448,0.000392,8.32E-5,5.36E-5,2.4E-5
2.4E-5,4.8E-6,1.6E-6,0,9.6E-6,2.16E-5,2.88E-5,1.6E-6,4E-6,1.44E-5,1.44E-5,1.36E-5,1.04E-5,4E-6,3.2E-6,4E-6,4.8E-6,3.44E-5,6.96E-5,0.0001328,0.0001376,5.04E-5,4.16E-5,0.0001264,0.0001808,2.4E-6,7.28E-5,0.0001264,3.2E-6,1.6E-6,0,0,1.76E-5,2.56E-5,1.92E-5,0.000488,0.0011936,0.0006784,0.0002456,0.000156,1.76E-5,1.6E-6,0,8E-7,8E-7,8E-7,8E-7,0,8E-7,8E-7,4.8E-6,8.8E-6,1.36E-5,1.84E-5,1.2E-5,9.6E-6,1.68E-5,1.68E-5,2.32E-5,2.56E-5,2.16E-5,7.2E-6,8E-6,1.6E-5,3.04E-5,7.2E-6,1.28E-5,1.68E-5,2.4E-6,0,0,3.68E-5,0.0006136,0.0011696,0.000128,8.8E-6,8E-6,4.16E-5
3.44E-5,4E-6,3.2E-6,7.2E-6,2.32E-5,3.2E-6,0,1.36E-5,1.12E-5,1.04E-5,8E-7,9.6E-6,1.28E-5,1.68E-5,7.2E-6,2.4E-6,2.4E-6,2.72E-5,2.08E-5,0.0001168,0.0001088,0.000112,6.4E-5,0.000148,0.0001688,0.0001592,0.0001688,4.88E-5,1.68E-5,9.6E-6,2.24E-5,4E-6,6E-5,3.84E-5,1.68E-5,2.08E-5,0.0001704,0.0002272,0.000372,0.0003112,7.44E-5,1.04E-5,1.6E-6,2.4E-6,0,0,8E-7,0,8E-7,1.28E-5,1.44E-5,1.28E-5,8.8E-6,8E-6,8.8E-6,1.12E-5,1.84E-5,2.48E-5,2.8E-5,4.48E-5,4.24E-5,3.68E-5,2.56E-5,1.28E-5,6.4E-6,4.32E-5,8E-7,0,8.8E-6,0,0,0.0002048,0.0014576,0.0005616,8.96E-5,2.08E-5,1.92E-5,3.12E-5
2.8E-5,3.84E-5,4.8E-6,3.2E-6,6.4E-6,8E-7,1.52E-5,5.6E-6,1.6E-6,1.6E-6,3.2E-6,3.2E-6,1.6E-5,9.6E-6,1.36E-5,2.4E-6,8E-7,3.2E-6,4E-6,2.16E-5,6E-5,0.0001048,0.0001104,0.0001928,0.0001968,0.0002184,0.0001656,5.52E-5,5.52E-5,8E-6,1.6E-6,1.6E-6,1.84E-5,1.84E-5,3.2E-5,6.08E-5,8.88E-5,0.0001992,0.0002936,8.16E-5,8.8E-6,2.4E-6,4.8E-6,8E-7,0,0,0,1.6E-6,4E-6,5.6E-6,5.6E-6,6.4E-6,2.4E-6,2.4E-6,1.6E-5,2.8E-5,3.68E-5,2.32E-5,1.12E-5,1.2E-5,2E-5,4.32E-5,6.72E-5,4.72E-5,2.24E-5,1.6E-6,5.6E-6,8E-7,2.16E-5,0,0,0.0016704,0.0014688,0.000164,1.52E-5,3.2E-6,4.88E-5,1.28E-5
9.6E-6,2.08E-5,1.04E-5,3.2E-6,8E-7,8.8E-6,9.6E-6,2.4E-6,3.2E-6,2.4E-6,8E-6,5.6E-6,1.84E-5,1.84E-5,1.04E-5,5.6E-6,2.4E-6,0,5.6E-6,5.6E-6,1.6E-6,6.4E-6,5.2E-5,0.0001304,0.000136,8.96E-5,7.36E-5,0.00014,8.4E-5,8.64E-5,4.08E-5,0.0001816,0.0007176,0.000896,0.0008168,0.0004376,0.0002016,0.0001648,0.000176,3.76E-5,3.2E-6,1.6E-6,3.2E-6,0,0,0,2.4E-6,4E-6,1.6E-6,2.4E-6,3.2E-6,1.6E-6,1.6E-6,3.2E-6,7.2E-6,7.2E-6,1.04E-5,2.24E-5,2.32E-5,8.8E-6,1.04E-5,4.8E-6,5.6E-5,0.0001536,3.68E-5,4E-6,8E-7,2.4E-6,2.56E-5,1.76E-5,1.6E-6,0.0003016,0.0014352,6.72E-5,0,9.6E-6,3.68E-5,2.4E-6
8E-7,1.52E-5,5.68E-5,0,1.6E-6,6.4E-6,3.2E-6,3.2E-6,4.8E-6,3.2E-6,6.4E-6,4.8E-6,4E-6,1.28E-5,1.28E-5,2.4E-6,8E-7,0,0,0,8E-7,8E-7,8E-7,9.6E-6,2.88E-5,3.6E-5,2.96E-5,2E-5,4.64E-5,0.0001472,0.0001336,0.000156,0.00038,0.0002888,0.0006024,0.0005328,0.0001816,3.28E-5,4E-6,1.6E-6,4E-6,6.4E-6,0,0,0,4E-6,8.8E-6,4E-6,8E-7,1.6E-6,2.4E-6,1.6E-6,0,2.4E-6,8.8E-6,1.36E-5,1.44E-5,1.36E-5,2.72E-5,3.04E-5,3.2E-5,4.72E-5,5.36E-5,0.0001512,9.84E-5,1.52E-5,1.6E-6,6.4E-6,1.6E-5,2.4E-5,0,0.000896,0.000748,1.12E-5,2.24E-5,8E-7,3.04E-5,1.12E-5
8E-7,3.36E-5,2.08E-5,0,4.8E-6,2.4E-6,9.6E-6,3.2E-6,4.8E-6,1.12E-5,1.6E-5,1.04E-5,2.4E-6,4E-6,1.68E-5,8.8E-6,0,0,0,0,0,0,4.48E-5,8.8E-6,8.8E-6,5.6E-6,9.6E-6,4E-6,2.4E-5,2.48E-5,7.2E-6,0.0001288,0.0001672,0.0003352,0.000388,0.00016,9.6E-5,1.6E-5,4.8E-6,8E-7,1.28E-5,1.6E-6,0,0,8E-6,1.12E-5,3.2E-6,1.6E-6,1.6E-6,1.6E-6,2.4E-6,8E-7,3.2E-6,1.44E-5,2.08E-5,1.52E-5,1.04E-5,1.6E-5,3.52E-5,5.6E-5,0.0001088,0.0001304,0.0001096,0.0001848,0.0001344,1.28E-5,1.6E-6,1.44E-5,2.4E-6,8E-7,0.0001968,0.0006912,0.0001968,6.4E-6,1.04E-5,1.04E-5,5.6E-6,1.6E-6
3.2E-6,1.68E-5,7.2E-6,0,0,0,2.4E-6,3.2E-6,7.2E-6,5.6E-6,7.2E-6,4.8E-6,9.6E-6,2.4E-6,6.4E-6,1.2E-5,8E-7,0,0,0,3.2E-6,2.64E-5,3.28E-5,2.8E-5,2.96E-5,3.28E-5,3.2E-6,1.28E-5,7.2E-6,0,1.6E-5,1.52E-5,8E-7,1.2E-5,1.84E-5,2.24E-5,4E-6,8.8E-6,4.8E-6,5.6E-6,1.52E-5,8E-7,1.6E-6,1.12E-5,1.36E-5,0,8E-7,2.4E-6,4E-6,0,2.4E-6,1.76E-5,8.8E-6,1.6E-5,1.52E-5,7.2E-6,1.92E-5,1.04E-5,3.04E-5,1.28E-5,0.0001576,0.0001864,0.0001896,0.0005224,0.000272,1.6E-6,3.2E-6,1.6E-6,7.2E-6,0.0001872,0.000704,0.0005672,1.52E-5,4.8E-6,1.6E-6,6.4E-6,8E-7,1.52E-5
5.6E-6,1.12E-5,5.6E-6,0,0,0,0,8E-7,8E-7,4E-6,8.8E-6,1.36E-5,4E-6,1.6E-6,0,8E-7,0,0,0,0,2E-5,1.44E-5,1.44E-5,2.48E-5,2.4E-5,5.6E-6,6.4E-6,2.32E-5,9.6E-6,5.6E-6,2.4E-6,1.6E-6,9.6E-6,8E-6,1.12E-5,3.2E-6,2.24E-5,1.6E-5,1.28E-5,8.8E-6,8E-7,1.12E-5,9.6E-6,1.04E-5,8E-7,0,1.6E-6,4E-6,2.4E-6,3.2E-6,1.84E-5,1.2E-5,3.2E-6,1.76E-5,1.36E-5,1.44E-5,1.6E-6,7.2E-6,9.6E-6,3.2E-6,0.0001768,0.0001064,0.0001008,8.8E-6,8E-7,2.4E-6,1.28E-5,5.6E-6,0.000348,0.001592,0.0005512,8.56E-5,9.6E-6,1.6E-6,0,8E-7,4.8E-6,4E-6
8E-7,1.12E-5,8.8E-6,7.2E-6,0,0,4E-6,1.6E-6,1.6E-6,5.6E-6,1.12E-5,1.76E-5,1.04E-5,4E-6,0,0,0,0,0,0,2.4E-6,8E-7,1.2E-5,2.08E-5,1.2E-5,3.36E-5,2.56E-5,3.2E-5,2.48E-5,2.08E-5,9.6E-6,7.2E-6,4E-6,8E-7,0,2.4E-6,0,1.6E-6,8E-7,2.4E-6,8E-7,4.8E-6,4.8E-6,8E-7,0,0,1.6E-6,1.6E-6,8.8E-6,1.92E-5,1.04E-5,8.8E-6,1.68E-5,2.24E-5,1.68E-5,1.36E-5,3.2E-6,2.4E-6,3.2E-6,3.44E-5,6.8E-5,0.0001312,5.2E-5,5.44E-5,0.0001008,5.36E-5,4E-5,1.6E-6,0.0004728,0.0007592,0.0001112,1.28E-5,1.28E-5,0,8E-7,8.8E-6,4E-6,6.4E-6
3.2E-6,8E-6,7.2E-6,4E-6,6.4E-6,5.6E-6,9.6E-6,8E-7,1.6E-6,5.6E-6,8.8E-6,1.76E-5,1.6E-5,1.04E-5,8E-7,0,0,0,0,0,8E-7,8E-7,8E-7,2.4E-6,7.2E-6,2.24E-5,1.76E-5,4E-6,4E-6,1.76E-5,1.6E-5,1.92E-5,1.76E-5,1.76E-5,1.28E-5,6.4E-6,1.6E-6,0,8E-7,0,0,0,0,8E-7,0,8E-7,5.6E-6,1.36E-5,1.2E-5,9.6E-6,1.44E-5,2.08E-5,2.16E-5,1.52E-5,1.36E-5,1.52E-5,1.2E-5,6.4E-6,2.4E-5,2E-5,5.92E-5,6.8E-5,2.16E-5,6E-5,0.0001456,0.00086,0.0004224,9.92E-5,0.0002104,0.000148,1.04E-5,1.04E-5,1.6E-6,1.6E-6,8E-7,7.2E-6,8.8E-6,1.12E-5
1.6E-6,3.2E-6,1.68E-5,1.28E-5,7.2E-6,5.6E-6,4.8E-6,1.6E-6,8E-7,4E-6,7.2E-6,1.04E-5,1.76E-5,6.4E-6,0,0,0,0,0,0,0,0,0,0,8E-7,1.6E-6,5.6E-6,8E-6,1.04E-5,8.8E-6,1.2E-5,3.2E-6,8E-7,3.2E-6,3.2E-6,4.8E-6,3.2E-6,8E-7,0,0,0,8E-7,8E-7,2.4E-6,4.8E-6,8.8E-6,9.6E-6,9.6E-6,9.6E-6,1.6E-5,1.76E-5,1.68E-5,2.08E-5,1.84E-5,8E-6,1.92E-5,2.96E-5,4.8E-6,7.2E-6,0.0002216,0.0002912,1.76E-5,0.0002312,0.000196,4.96E-5,0.0003712,0.0003096,2.64E-5,2.96E-5,0.0001168,2.64E-5,3.2E-6,8E-7,4E-6,8.8E-6,5.6E-6,5.6E-6,9.6E-6
8E-7,5.6E-6,2.4E-6,5.6E-6,8E-6,0,8E-7,5.6E-6,8E-7,1.6E-6,3.2E-6,6.4E-6,8E-7,0,0,0,0,0,0,0,0,0,0,0,0,0,0,8E-7,1.6E-6,8E-7,3.2E-6,4.8E-6,5.6E-6,4E-6,5.6E-6,8E-6,8E-6,6.4E-6,1.04E-5,7.2E-6,5.6E-6,8.8E-6,8.8E-6,9.6E-6,1.04E-5,1.12E-5,1.2E-5,1.6E-5,2E-5,1.84E-5,1.76E-5,1.44E-5,2.24E-5,1.84E-5,7.2E-6,3.28E-5,1.28E-5,8E-6,5.6E-6,0.000172,0.00014,0,0.0001328,2.56E-5,5.2E-5,5.44E-5,0.0002408,0.000124,1.76E-5,1.12E-5,2.4E-6,0,8E-7,2.4E-6,3.2E-6,2.4E-6,0,8E-7
0,1.6E-6,0,4E-6,4E-6,0,7.2E-6,1.2E-5,7.2E-6,2.4E-6,8E-7,0,0,0,0,0,0,0,0,0,0,0,0,0,0,8E-7,0,0,8E-7,1.6E-6,4E-6,3.2E-6,4E-6,4.8E-6,5.6E-6,1.04E-5,1.44E-5,1.36E-5,1.12E-5,1.12E-5,1.6E-5,1.76E-5,1.92E-5,1.68E-5,1.68E-5,1.92E-5,2.24E-5,2.56E-5,2.24E-5,1.36E-5,1.6E-5,1.92E-5,1.92E-5,1.68E-5,1.2E-5,2.08E-5,2.4E-5,4.8E-6,8E-6,5.44E-5,7.2E-6,0,0,8E-7,4.8E-6,2.4E-6,5.36E-5,9.84E-5,3.2E-6,0,0,0,0,0,0,0,0,0
