demo/data/weather/current/current-wind-surface-level-gfs-1.0.json
{"header": {"discipline":0,"disciplineName":"Meteorological products","gribEdition":2,"gribLength":80238,"center":7,"centerName":"US National Weather Service - NCEP(WMC)","subcenter":0,"refTime":"2023-06-08T06:00:00.000Z","significanceOfRT":1,"significanceOfRTName":"Start of forecast","productStatus":0,"productStatusName":"Operational products","productType":1,"productTypeName":"Forecast products","productDefinitionTemplate":0,"productDefinitionTemplateName":"Analysis\/forecast at horizontal level\/layer at a point in time","parameterCategory":2,"parameterCategoryName":"Momentum","parameterNumber":3,"parameterNumberName":"V-component_of_wind","parameterUnit":"m.s-1","genProcessType":2,"genProcessTypeName":"Forecast","forecastTime":0,"surface1Type":100,"surface1TypeName":"Isobaric surface","surface1Value":100000,"surface2Type":255,"surface2TypeName":"Missing","surface2Value":0,"gridDefinitionTemplate":0,"gridDefinitionTemplateName":"Latitude_Longitude","numberPoints":65160,"shape":6,"shapeName":"Earth spherical with radius of 6,371,229.0 m","gridUnits":"degrees","resolution":48,"winds":"true","scanMode":0,"nx":360,"ny":181,"basicAngle":0,"lo1":0,"la1":90,"lo2":359,"la2":-90,"dx":1,"dy":1}, "data":
[rows 26 to 51 of 181, columns 236 to 294 of 360]
1.3273437,1.3773438,-1.5026562,-2.5626562,-3.2026563,-4.0826564,-5.4726562,-5.8126564,-5.7226562,-6.422656,-7.262656,-5.842656,-7.992656,-5.742656,-4.992656,-7.7226562,-7.992656,-4.592656,-6.7326565,-2.4226563,-1.1626563,0.43734375,3.9373438,0.9973438,1.6773437,1.6373438,4.5473437,3.0073438,3.5573437,3.7873437,5.0173435,4.677344,4.057344,2.8273437,3.6273437,2.6673439,3.7473438,4.117344,5.347344,4.287344,4.4573436,8.487344,10.037344,11.5573435,12.787344,12.907344,12.187344,9.0173435,8.107344,7.5873437,6.8773437,7.4973435,2.4373438,2.3173437,1.9373437,2.1373436,0.88734376,0.76734376,0.50734377
0.65734375,-0.32265624,-1.2926563,-1.9426563,-1.8526562,-2.8426561,-3.9826562,-3.3126562,-4.032656,-4.262656,-6.4126563,-5.9126563,-2.7826562,-1.8826562,1.8473438,0.8773438,0.54734373,-0.61265624,0.00734375,-0.20265625,-0.89265627,-1.4826562,3.7273438,2.8673437,4.0873437,4.7073436,-0.89265627,3.6973438,4.6473436,4.737344,3.6673439,2.8573437,2.5273438,1.4073437,3.2873437,4.0273438,5.487344,7.237344,8.167344,9.697344,12.227344,11.857344,7.9173436,11.607344,13.447344,11.297344,11.347343,7.197344,1.6573437,4.347344,2.8273437,5.7973437,8.637343,0.20734376,1.7973437,2.4873438,2.4373438,0.44734374,-1.7026563
-0.23265626,0.64734375,0.20734376,-1.8726562,-3.1926563,-3.8126562,-3.4626563,-2.9826562,-2.4526563,-4.5226564,-5.862656,-1.2626562,3.4573438,0.96734375,0.60734373,-1.0126562,-1.3826562,-0.26265624,0.27734375,0.8173438,-0.33265626,0.9273437,0.18734375,0.13734375,-3.0926561,2.7173438,-3.5326562,2.9073439,3.4173439,4.1273437,2.3973436,0.66734374,1.5473437,3.0973437,4.5273438,6.237344,8.087344,10.337344,11.087344,12.937344,12.567344,13.297344,11.977344,13.467343,10.037344,10.607344,7.537344,2.2073438,3.1573439,3.9473438,3.9273438,3.0173438,4.0273438,5.427344,4.5273438,3.5773437,3.0573437,-0.44265625,1.0873437
0.44734374,-0.05265625,-0.14265625,-1.0426563,-0.77265626,-0.92265624,-0.80265623,-0.84265625,-1.9226563,-2.6826563,-0.6326563,-0.11265625,0.54734373,-0.5126563,-1.3326563,-1.5526563,0.25734374,-0.9426563,0.46734375,-0.15265626,-0.52265626,-0.8826563,-3.2026563,-0.36265624,-2.7826562,2.2473438,2.4273438,4.0473437,3.2473438,1.6973437,1.1573437,2.9073439,4.9373436,4.677344,6.487344,8.117344,9.8073435,11.127344,12.167344,12.377344,11.087344,12.817344,15.137343,13.127344,10.417344,8.747344,6.6673436,3.1573439,3.0273438,1.7873437,2.6073437,2.4973438,3.7273438,5.177344,9.647344,10.547344,8.947344,5.287344,4.5473437
-1.2426562,-0.8726562,-0.16265625,-1.5626563,-1.9026562,-2.1326563,-1.8826562,-0.8226563,-1.3226563,-0.39265624,-0.7526562,-1.0126562,-0.86265624,-0.83265626,-1.4426563,-0.80265623,-0.12265625,-0.45265624,-0.18265624,-0.07265625,-1.5526563,-0.16265625,3.3273437,0.32734376,-1.7326562,3.8473437,4.947344,4.697344,4.4173436,1.3873438,2.1473436,5.177344,7.197344,9.227344,10.5573435,12.137343,13.887343,13.607344,14.027344,15.487344,16.057344,15.647344,13.097343,10.477344,9.157344,7.1473436,4.847344,2.5373437,-1.1926563,4.2073436,4.347344,4.2473435,4.037344,3.9773438,6.347344,8.587344,6.177344,4.717344,2.9973438
0.15734375,-0.25265625,-0.60265625,-1.5426563,-2.0726562,-2.2126563,-1.4426563,-1.7226562,-3.3926563,-1.8926562,-2.1426563,-1.0926563,-1.9426563,-2.0026562,-1.4526563,-1.3526562,-1.0326562,-0.6926563,-0.5026562,0.25734374,0.41734374,-0.48265624,-1.8126563,-3.0226562,1.6073438,2.9573438,2.7973437,3.0773437,3.3473437,2.9673438,5.9173436,9.417344,10.487344,11.037344,12.087344,12.617344,13.687344,15.0173435,16.037344,16.367344,15.527344,13.087344,10.657344,9.507343,6.8973436,4.407344,1.6973437,-0.79265624,3.8573437,4.3173437,4.557344,4.2973437,3.7873437,3.4173439,3.1373436,4.7973437,3.4573438,4.137344,3.2173438
0.39734375,-0.17265625,0.52734375,0.30734375,-0.14265625,-1.1326562,-0.71265626,-1.2826562,0.43734375,-1.9226563,-1.7126563,-1.4126563,-0.61265624,-3.2626562,-2.2826562,-1.3226563,-1.0626563,-0.9326562,-1.3726562,-1.8626562,-2.3326561,-2.8526564,-4.402656,0.39734375,3.4873438,2.9773438,1.1073438,0.26734376,3.5173438,3.9073439,4.8173437,7.1873436,9.997344,9.0573435,10.947344,15.477344,16.307344,16.297344,17.127344,16.017344,13.047344,11.097343,9.247344,6.967344,3.7773438,1.2473438,-0.5126563,0.34734374,3.1473436,3.7873437,3.6773438,2.2173438,2.8573437,2.6973438,2.1073437,1.0173438,4.6273437,6.117344,2.5173438
-0.41265625,-1.6226562,-1.9226563,-1.9726562,-1.1926563,-0.42265624,-1.3926562,-1.0426563,-1.4126563,-0.95265627,-1.6026562,-1.4926562,-0.53265625,-2.1326563,-2.1826563,-2.2426562,-2.4326563,-2.3326561,-4.3726563,-2.4426563,-0.77265626,0.75734377,2.4873438,2.3273437,1.6673437,1.1473438,-0.22265625,0.69734377,3.3573437,3.8573437,4.1273437,5.2473435,7.467344,7.6273437,10.627344,14.157344,16.567345,17.507343,15.707344,13.097343,10.987344,8.5173435,5.157344,3.1573439,0.75734377,-1.3126563,0.78734374,5.9173436,1.6373438,2.2173438,1.3273437,0.9973438,1.3873438,2.2673438,1.9373437,1.0673437,2.5473437,2.3873436,2.5473437
-0.27265626,0.76734376,0.19734375,1.1173438,1.5573437,1.2573438,-2.5126562,-0.08265625,-2.0426562,-2.0626562,-1.8726562,-2.7126563,-2.4126563,-2.0926561,-1.6126562,-2.8626564,-1.7926563,-1.5426563,-0.99265623,0.29734376,2.0373437,2.1873438,1.1173438,0.21734375,-0.03265625,-0.47265625,-0.49265626,1.9073437,3.4973438,3.1773438,2.9973438,3.2473438,3.9573438,3.1773438,4.327344,6.617344,10.027344,11.8073435,13.967343,11.837344,8.667344,4.737344,0.95734376,-1.0726563,-3.3326561,-2.8526564,-1.4026562,3.6373436,0.96734375,0.33734375,1.0473437,0.6273438,1.0373437,0.77734375,1.2973437,0.19734375,0.23734374,0.29734376,-0.26265624
-0.01265625,-0.34265625,0.29734376,0.29734376,0.6773437,0.82734376,0.63734376,-0.72265625,0.88734376,-0.85265625,-1.9326563,-2.2226562,-2.0926561,-1.4026562,-1.3026563,0.49734375,0.70734376,0.6773437,1.4673438,3.0473437,1.0073438,0.59734374,-0.98265624,-1.2926563,-1.3226563,0.36734375,1.6073438,2.0173438,2.2273438,2.5373437,2.6073437,2.6373436,2.8373437,2.4273438,2.6273437,5.7973437,6.9773436,5.717344,8.327344,7.7673435,4.3573437,0.60734373,-2.4626563,-5.6626563,-3.0726562,1.2173438,1.3173437,1.7573438,1.8773438,1.4373437,1.3473438,0.38734376,0.25734374,0.8073437,0.5673438,1.3673438,1.6473438,0.8173438,-0.39265624
0.14734375,-1.2326562,0.7473438,-1.3326563,-0.60265625,0.5673438,-1.3526562,-0.18265624,-1.4526563,-1.3826562,-1.7326562,-2.3926563,-1.7626562,1.2973437,1.8973438,2.4873438,1.7373438,0.47734374,-0.41265625,-1.4826562,-1.9526563,-0.83265626,-1.2826562,-1.0426563,-0.13265625,1.6573437,1.8973438,2.0873437,3.3573437,2.6573439,2.3173437,2.6773438,2.3373437,2.3673437,3.3873436,3.1773438,3.5673437,6.137344,4.0873437,2.3773437,-0.38265625,-3.3626564,-8.012656,-3.5126562,4.487344,1.6673437,-0.86265624,-1.8226563,-0.8226563,-0.9326562,-0.48265624,-0.5726563,-1.0426563,-1.2826562,-1.5026562,-1.2726562,-1.3426563,-2.7426562,-1.6126562
1.1073438,0.46734375,-0.65265626,-0.36265624,1.5573437,-1.0226562,-0.26265624,1.9473437,1.5173438,1.4573437,1.8573438,-1.3026563,-1.1426562,1.3173437,1.4873438,0.26734376,-1.2126563,-1.3026563,-0.78265625,-0.80265623,0.5673438,-0.65265626,-0.25265625,-1.2826562,1.0073438,1.9773438,3.5273438,2.3473437,2.5673437,2.5473437,2.1973438,3.4273438,1.6473438,2.5073438,2.3273437,2.4973438,2.0473437,1.8073437,1.6973437,1.0873437,-1.9426563,-6.3726563,-9.612657,0.24734375,0.64734375,-2.4026563,-1.5626563,-0.8126562,-0.67265624,-1.1526562,-0.8726562,-1.1026562,-1.1526562,-2.3126562,-2.5426562,-2.8026562,-2.9526563,-2.7626562,-2.6526563
1.3073437,-0.37265626,1.2173438,-0.85265625,0.16734375,-0.19265625,-0.52265626,-0.52265626,1.4773438,0.79734373,-0.46265626,-2.0226562,-0.97265625,1.8973438,1.5273438,0.04734375,-0.91265625,-0.8126562,-1.7326562,-2.4526563,-1.9926562,-3.2426562,0.41734374,1.7873437,3.5373437,2.1173437,3.6173437,4.6473436,2.1973438,2.4873438,1.9973438,2.0273438,0.71734375,2.5073438,2.2173438,2.1073437,1.7273438,2.0273438,0.83734375,-0.66265625,-4.572656,-8.682656,-7.462656,-4.032656,-4.512656,-4.152656,-1.7826562,-1.2526562,-1.0126562,-1.1726563,-1.8826562,-2.4826562,-1.9226563,-1.8126563,-2.3426561,-2.3426561,-3.0226562,-2.6826563,-2.8226562
2.1473436,0.09734375,0.97734374,0.02734375,0.41734374,-1.2926563,-1.2026563,0.35734376,-1.0626563,0.23734374,0.19734375,1.0273438,0.21734375,4.427344,3.0773437,-0.44265625,0.17734376,-1.6326562,-2.2426562,-2.3726563,-2.7726562,-3.2126563,2.5873437,2.2773438,1.3073437,2.8073437,2.7673438,3.8073437,1.7773438,2.1173437,1.9973438,1.2873437,1.7673438,2.2873437,2.3673437,1.5773437,1.1573437,1.2373438,-0.46265626,-1.4726562,-3.8526564,-3.0226562,-4.5826564,-5.552656,-5.072656,-1.7326562,-0.6826562,-2.1426563,-1.6926563,-1.3626562,-2.2426562,-1.6826563,-1.8626562,-2.6526563,-3.1726563,-2.8126562,-4.112656,-3.0026562,-2.3426561
-0.85265625,0.60734373,-0.24265625,1.2073437,0.75734377,-0.46265626,0.8773438,-0.10265625,-0.24265625,-0.13265625,0.16734375,0.63734376,0.37734374,3.2973437,1.6673437,0.29734376,-2.4626563,-1.7226562,-2.5226562,-1.8726562,-0.65265626,0.78734374,2.1473436,-1.0326562,-0.35265625,2.0273438,2.6173437,2.4373438,1.7873437,2.0073438,1.8473438,-0.05265625,2.4373438,2.0873437,0.7473438,-0.20265625,0.11734375,-0.37265626,-0.58265626,-1.1126562,-1.7926563,-2.1126564,-2.2026563,-2.4626563,-2.4626563,-1.9926562,-1.8526562,-1.8526562,-1.4926562,-1.4726562,-1.6926563,-2.1726563,-2.4726562,-2.7826562,-3.1326563,-3.4126563,-2.4126563,-3.2326562,-4.7026563
0.8773438,5.2273436,0.9873437,-0.48265624,0.43734375,-1.0026562,-1.8726562,-1.2126563,-0.78265625,0.01734375,-1.0126562,0.85734373,-1.7926563,1.7773438,1.2173438,-0.26265624,-2.4326563,-4.7226562,-1.4526563,-2.8426561,-2.5626562,1.8573438,1.2773438,2.9373438,1.4073437,2.1273437,2.7873437,2.3973436,2.2673438,4.507344,2.0773437,2.3873436,1.6873437,1.3673438,0.38734376,-0.24265625,-1.9226563,-1.9826562,-1.3226563,-1.8826562,-2.3826563,-2.6726563,-3.2026563,-2.7926562,-2.3726563,-1.6626563,-1.9526563,-1.9926562,-1.4726562,-1.5826563,-2.1326563,-2.3826563,-2.9926562,-2.6726563,-3.6526563,-2.2626562,-8.012656,-3.8426561,-0.59265625
1.3373437,0.95734376,-0.52265626,-1.3926562,-0.6226562,-1.6126562,-0.85265625,0.89734375,1.4873438,1.6273438,0.6173437,-0.61265624,0.50734377,-1.7126563,0.91734374,-6.092656,-3.9826562,-2.8126562,-3.6526563,-2.7826562,-1.1726563,0.84734374,3.6973438,4.847344,3.2373438,1.9573437,1.0573437,3.7273438,2.9473438,4.597344,3.1673439,2.1273437,1.4973438,0.8073437,-0.8726562,-1.0126562,-4.632656,-4.152656,-4.0426564,-2.9526563,-1.7426562,-2.5426562,-2.1426563,-2.9926562,-2.6526563,-1.9526563,-1.7126563,-1.5726563,-2.1126564,-2.6926563,-2.8526564,-3.4526563,-3.2426562,-1.4926562,-2.2426562,-1.9726562,-1.5126562,-1.2826562,-3.1126564
4.927344,0.9873437,0.64734375,-0.46265626,0.8673437,0.20734376,-0.8126562,0.78734374,-0.48265624,1.4073437,0.76734376,-0.37265626,-0.27265626,1.2873437,2.1073437,1.4873438,2.5073438,0.66734374,-1.0026562,0.45734376,1.6273438,2.3673437,2.0973437,3.6073437,-0.37265626,-1.0326562,0.47734374,2.3073437,2.2273438,1.4173437,1.3773438,0.22734375,-0.6326563,0.33734375,0.37734374,1.6273438,0.8673437,-4.052656,-5.242656,-5.1426563,-2.0126562,-2.4526563,-3.2026563,-2.2426562,-3.9126563,-2.4026563,-2.6226563,-2.2326562,-2.3526564,-2.4226563,-2.9526563,-3.3226562,-2.5826561,-2.5426562,-1.9926562,-1.5626563,-2.3426561,-1.4526563,-2.7626562
7.577344,-0.34265625,0.27734375,-1.1026562,1.1973437,1.8373437,0.78734374,1.5673437,0.66734374,-0.59265625,0.11734375,-0.67265624,-0.54265624,0.40734375,-1.8126563,-2.8026562,-1.2026563,0.77734375,-1.1626563,-0.26265624,0.39734375,1.1473438,1.0073438,3.0773437,3.8073437,0.9873437,0.39734375,2.0173438,1.0773437,0.04734375,0.05734375,-1.3426563,-0.61265624,0.63734376,0.03734375,-1.2226562,-2.2826562,-2.7826562,-2.7426562,-3.8926563,-3.1426563,-4.962656,-4.0026565,-2.7026563,-2.9126563,-2.3126562,-2.2126563,-2.3826563,-2.1026564,-2.1126564,-2.1426563,-4.3126564,-2.6826563,-1.4326563,-1.8826562,-0.74265623,-0.83265626,-0.65265626,-0.78265625
2.6173437,2.9473438,0.03734375,0.22734375,-0.20265625,0.94734377,0.69734377,-2.9126563,-1.1826563,-1.1126562,-0.26265624,0.58734375,2.5573437,1.5573437,0.89734375,3.6773438,2.5773437,-0.74265623,-1.8226563,-0.10265625,1.1873437,1.7573438,2.6073437,3.0073438,1.7273438,-2.0026562,-1.6326562,0.31734374,0.05734375,1.6873437,-0.85265625,-0.52265626,-0.6326563,0.66734374,-0.6226562,-1.4026562,-2.9526563,-3.5226562,-4.0426564,-1.6926563,-1.5826563,-6.592656,-6.382656,-2.2426562,-3.6226563,-2.2426562,-2.4026563,-2.8226562,-2.1726563,-1.9526563,-1.3326563,-2.4926562,-1.1026562,-0.52265626,-1.0226562,-0.90265626,-0.22265625,1.0273438,2.8773437
0.94734377,1.0873437,0.37734374,2.8173437,0.50734377,1.2173438,1.6873437,1.2373438,-0.70265627,0.47734374,-0.6326563,-0.85265625,-1.8526562,0.09734375,0.09734375,0.47734374,-0.38265625,-1.1126562,0.51734376,0.88734376,2.5073438,2.7073438,4.057344,0.36734375,5.867344,0.00734375,1.1273438,0.90734375,2.4073439,1.2773438,1.6173438,2.0673437,2.1473436,0.47734374,0.47734374,-2.2526562,-2.6526563,-5.112656,-2.0826561,-2.4626563,-3.6426563,-4.572656,-2.6226563,-0.74265623,-1.1526562,-2.2826562,-1.5626563,-1.8426563,-0.8726562,-0.77265626,-0.16265625,-1.0626563,-0.92265624,-0.7626563,-1.3026563,-0.96265626,0.7473438,3.0273438,1.2673438
-0.43265626,0.45734376,1.1273438,0.12734374,-2.5226562,-1.0526563,-2.9126563,-1.4226563,0.04734375,-1.6626563,-2.1026564,-2.0226562,0.28734374,0.35734376,-2.5426562,0.75734377,-0.67265624,-0.85265625,2.0973437,1.3173437,4.1673436,3.5473437,3.5373437,2.7773438,1.8773438,2.0473437,0.64734375,-0.06265625,0.75734377,2.7273438,1.9573437,1.4173437,2.3673437,1.0273438,0.47734374,-2.5826561,-3.1826563,-4.3526564,-1.5226562,-1.6926563,-2.0626562,-2.7326562,-2.4326563,-3.4926562,-2.1026564,0.71734375,0.6773437,-0.74265623,0.05734375,-0.10265625,0.42734376,0.6273438,-0.10265625,-0.65265626,-0.96265626,0.08734375,0.31734374,0.33734375,3.9873438
0.23734374,-0.00265625,0.01734375,0.15734375,0.36734375,-2.1526563,-1.0626563,1.0573437,-0.49265626,3.5373437,0.9973438,-1.7126563,-2.1526563,-1.9926562,-3.2926562,-1.3626562,1.8873438,2.9173439,1.2573438,1.7773438,-0.16265625,3.6073437,2.9373438,2.6173437,0.06734375,-1.8726562,1.9373437,2.1573439,1.4673438,3.3773437,2.0073438,0.9373438,1.0773437,1.1473438,-1.3226563,-2.6126564,-3.2326562,0.38734376,0.36734375,-1.3426563,-2.8026562,-3.5326562,-6.4126563,-6.6426563,-1.1726563,-0.15265626,-0.79265624,-0.43265626,-0.04265625,-0.5026562,0.69734377,-1.0526563,-0.29265624,-0.24265625,-1.4926562,0.54734373,3.8473437,4.407344,4.6873436
0.32734376,-0.08265625,1.4973438,1.9673438,-0.11265625,-0.41265625,-2.0026562,-0.27265626,-1.3926562,-0.18265624,-0.84265625,0.04734375,-0.15265626,2.0173438,2.4373438,2.3573437,3.0973437,1.0873437,1.7773438,-2.3326561,3.5573437,2.4773438,2.8273437,2.1073437,-0.08265625,-0.44265625,-0.8726562,1.1473438,0.45734376,-0.04265625,1.6973437,-0.10265625,-0.14265625,0.10734375,-0.91265625,-2.4526563,-3.0926561,-2.9026563,-2.0826561,-1.2726562,-1.0126562,-2.3726563,-3.1626563,-2.4426563,-2.3026562,-0.41265625,-0.28265625,-0.49265626,0.44734374,-0.59265625,-1.3626562,-4.112656,-3.3626564,-2.6326563,0.84734374,2.6673439,5.9173436,5.3573437,4.1073437
1.4573437,0.08734375,3.2273438,-0.09265625,0.14734375,-2.1126564,2.0573437,-1.0226562,0.60734373,1.1873437,0.10734375,1.8273437,2.4273438,1.6173438,0.94734377,1.6773437,1.5873437,1.8473438,1.0873437,-0.58265626,0.83734375,3.5373437,2.7473438,2.3073437,2.2273438,0.42734376,1.7473438,2.7673438,2.6673439,0.6773437,0.70734376,-0.77265626,-1.4526563,-0.55265623,-0.91265625,-2.3526564,-2.8926563,-3.1726563,-2.5726562,-1.1926563,-1.8926562,-2.1226563,-2.6826563,-3.0026562,-0.79265624,-1.1726563,-1.7726562,-1.4526563,-0.97265625,-1.2426562,-2.4926562,-0.72265625,1.5673437,0.37734374,0.76734376,3.8273437,4.6073437,2.7273438,1.5573437
3.7373438,0.31734374,1.7873437,1.2173438,0.39734375,0.91734374,3.7073438,2.7173438,1.4373437,1.8673438,1.0573437,3.8473437,1.8673438,0.37734374,-0.03265625,1.3973438,0.29734376,-0.18265624,-0.74265623,0.9873437,0.13734375,1.3473438,2.8673437,1.7673438,1.7573438,1.8373437,0.78734374,2.8173437,-3.9626563,-3.1326563,1.4373437,0.02734375,0.17734376,-1.2826562,-2.5726562,-2.7126563,-3.5426562,-2.8626564,-2.5326562,-1.8326563,-1.9926562,-1.6526562,-2.2226562,-0.79265624,1.0373437,0.89734375,-1.2026563,-1.3326563,-1.3426563,-1.9726562,1.0973438,0.72734374,2.1973438,2.1873438,0.71734375,0.59734374,1.2873437,1.2773438,0.03734375
