demo/data/weather/current/current-temp-surface-level-gfs-1.0.json
{"header": {"discipline":0,"disciplineName":"Meteorological products","gribEdition":2,"gribLength":72212,"center":7,"centerName":"US National Weather Service - NCEP(WMC)","subcenter":0,"refTime":"2023-06-08T06:00:00.000Z","significanceOfRT":1,"significanceOfRTName":"Start of forecast","productStatus":0,"productStatusName":"Operational products","productType":1,"productTypeName":"Forecast products","productDefinitionTemplate":0,"productDefinitionTemplateName":"Analysis\/forecast at horizontal level\/layer at a point in time","parameterCategory":0,"parameterCategoryName":"Temperature","parameterNumber":0,"parameterNumberName":"Temperature","parameterUnit":"K","genProcessType":2,"genProcessTypeName":"Forecast","forecastTime":0,"surface1Type":100,"surface1TypeName":"Isobaric surface","surface1Value":100000,"surface2Type":255,"surface2TypeName":"Missing","surface2Value":0,"gridDefinitionTemplate":0,"gridDefinitionTemplateName":"Latitude_Longitude","numberPoints":65160,"shape":6,"shapeName":"Earth spherical with radius of 6,371,229.0 m","gridUnits":"degrees","resolution":48,"winds":"true","scanMode":0,"nx":360,"ny":181,"basicAngle":0,"lo1":0,"la1":90,"lo2":359,"la2":-90,"dx":1,"dy":1}, "data":
[rows 26 to 51 of 181, columns 60 to 119 of 360]
280.98462,280.71463,281.03464,281.95462,280.73462,282.28464,281.57462,283.55463,283.84464,283.58463,283.68463,283.08463,281.68463,281.38464,281.54462,282.44464,282.67462,284.32462,286.39462,288.3546,292.26462,294.97464,294.92462,298.83463,300.81464,302.36462,302.09464,300.99463,300.84464,300.13464,300.05463,300.17462,300.20462,299.73462,299.81464,298.59464,298.30463,297.86462,297.22464,295.52463,297.26462,297.36462,296.49463,295.70462,293.32462,292.87463,292.04462,291.37463,291.01462,291.14462,289.73462,288.73462,288.02463,286.8546,288.91464,290.97464,291.39462,291.04462,290.80463,289.97464
282.29462,280.09464,281.28464,282.61462,284.30463,284.8546,284.27463,280.63464,282.93463,282.18463,282.42462,282.82462,282.53464,282.87463,284.63464,285.49463,286.97464,290.66464,293.52463,296.31464,297.06464,299.21463,301.55463,302.83463,304.1046,303.81464,304.00464,303.05463,302.52463,301.45462,300.90463,300.73462,300.04462,299.80463,300.46463,299.84464,298.92462,297.47464,297.04462,298.41464,297.28464,296.88464,296.84464,296.14462,295.53464,294.73462,293.69464,292.28464,291.78464,291.17462,290.96463,288.15463,288.72464,289.27463,290.53464,291.32462,291.77463,291.66464,290.92462,290.90463
284.63464,284.71463,285.01462,285.77463,286.68463,287.44464,286.72464,286.68463,282.81464,282.51462,283.11462,282.81464,284.37463,282.83463,290.38464,290.36462,293.26462,296.15463,296.92462,299.20462,298.13464,300.47464,303.19464,303.49463,300.42462,298.91464,303.24463,302.50464,302.06464,302.03464,300.96463,300.93463,300.96463,300.13464,300.72464,298.06464,294.6046,294.97464,297.15463,296.24463,298.32462,297.83463,296.98462,297.36462,296.66464,295.92462,294.53464,293.61462,292.76462,291.52463,291.19464,288.75464,289.37463,288.98462,289.6046,290.57462,290.58463,290.97464,290.83463,291.22464
285.40463,286.42462,287.26462,287.78464,288.17462,288.83463,289.44464,288.24463,287.64462,287.28464,286.51462,284.74463,285.47464,287.51462,288.40463,290.76462,294.74463,296.56464,297.03464,298.98462,299.13464,302.88464,305.47464,304.89462,303.29462,300.87463,302.04462,302.90463,302.39462,301.95462,301.65463,302.06464,302.51462,302.04462,302.04462,302.00464,302.99463,302.79462,301.19464,300.24463,299.99463,299.75464,300.19464,298.44464,297.83463,297.86462,296.28464,294.47464,293.48462,292.39462,291.70462,291.38464,290.26462,289.04462,290.6046,290.42462,291.32462,292.62463,291.81464,290.77463
288.15463,287.59464,287.95462,288.43463,288.01462,289.1046,289.6046,289.66464,290.71463,289.48462,285.02463,284.84464,286.58463,287.83463,289.77463,292.21463,294.78464,295.64462,298.99463,297.36462,302.55463,305.02463,304.51462,304.18463,303.21463,303.02463,303.22464,302.06464,302.05463,302.33463,302.53464,303.22464,303.58463,303.82462,303.81464,303.8546,303.66464,304.27463,303.32462,300.58463,303.08463,303.09464,302.27463,301.57462,300.34464,299.04462,298.62463,296.40463,295.25464,294.57462,293.28464,293.24463,293.13464,290.29462,292.21463,291.07462,291.76462,292.15463,288.91464,284.76462
288.8546,287.90463,288.41464,289.08463,289.54462,290.37463,291.08463,291.03464,291.05463,290.24463,286.98462,286.34464,287.99463,289.16464,290.99463,293.13464,292.01462,299.81464,301.34464,302.87463,304.42462,305.27463,304.73462,304.90463,304.23462,303.94464,304.16464,304.46463,304.34464,303.19464,303.51462,303.87463,303.41464,304.82462,304.66464,305.46463,303.90463,304.53464,299.51462,300.25464,303.88464,303.11462,302.28464,301.61462,300.68463,299.81464,297.87463,296.86462,296.33463,294.88464,295.28464,294.65463,293.61462,293.18463,290.50464,289.46463,290.65463,288.48462,282.78464,282.94464
289.16464,289.97464,289.50464,288.86462,290.03464,290.86462,290.76462,291.18463,291.31464,291.28464,290.29462,289.74463,288.82462,289.34464,291.38464,292.90463,299.16464,301.27463,303.23462,304.67462,305.09464,305.37463,305.09464,305.55463,304.92462,304.44464,304.6046,305.78464,304.77463,304.13464,304.38464,304.44464,304.98462,305.57462,305.70462,305.1046,306.41464,305.95462,305.40463,305.27463,304.08463,302.96463,302.42462,301.56464,300.84464,299.21463,298.20462,297.59464,296.36462,295.41464,294.74463,294.03464,292.18463,292.28464,291.16464,290.06464,287.82462,284.79462,284.80463,284.75464
290.06464,290.68463,290.79462,290.81464,291.07462,291.27463,290.89462,291.54462,292.21463,288.45462,288.3546,288.76462,288.50464,291.94464,295.58463,299.14462,300.67462,302.66464,303.64462,304.41464,305.36462,305.53464,306.07462,305.94464,304.6046,306.32462,305.86462,305.71463,306.86462,305.96463,306.37463,306.00464,307.58463,307.33463,307.28464,307.66464,306.67462,306.47464,305.34464,304.98462,303.84464,303.45462,302.73462,301.93463,300.66464,300.33463,298.62463,297.50464,297.03464,294.55463,294.16464,294.64462,292.88464,291.39462,291.01462,289.88464,290.24463,286.23462,288.63464,285.47464
290.21463,289.89462,290.43463,290.69464,290.65463,290.77463,291.15463,291.11462,290.22464,288.69464,288.57462,288.50464,291.45462,294.08463,296.38464,298.27463,300.58463,301.38464,302.09464,303.1046,304.81464,305.71463,306.40463,307.42462,306.51462,304.86462,307.29462,306.93463,305.52463,306.37463,305.51462,305.33463,307.51462,308.21463,306.94464,304.74463,307.21463,306.67462,305.50464,304.59464,303.94464,303.3546,284.81464,301.8546,300.98462,300.99463,299.82462,298.40463,297.49463,294.61462,295.40463,296.74463,294.98462,292.05463,292.90463,291.80463,292.32462,291.21463,293.49463,288.02463
291.18463,291.80463,291.24463,291.14462,290.51462,291.14462,291.36462,290.74463,291.31464,291.36462,291.14462,291.40463,294.25464,297.32462,299.66464,301.23462,302.63464,302.54462,299.26462,304.98462,304.58463,304.77463,305.36462,303.22464,302.48462,306.70462,305.72464,305.77463,305.58463,308.50464,308.24463,306.19464,306.59464,307.88464,309.06464,309.30463,308.48462,307.07462,306.8546,305.48462,304.36462,303.38464,302.6046,302.94464,301.71463,301.90463,300.66464,299.43463,298.27463,290.33463,295.01462,298.28464,295.34464,296.29462,294.64462,296.66464,294.73462,294.30463,290.59464,288.25464
292.29462,291.97464,291.31464,291.36462,290.93463,290.56464,292.08463,291.59464,291.93463,292.68463,291.45462,294.95462,299.64462,301.80463,305.17462,305.65463,306.78464,306.45462,307.94464,307.82462,307.40463,307.36462,306.00464,307.38464,305.65463,303.19464,305.77463,304.45462,306.22464,307.37463,308.8546,306.82462,305.69464,306.74463,306.33463,307.55463,305.30463,304.74463,306.77463,306.1046,304.71463,304.17462,302.66464,301.11462,303.05463,301.6046,301.53464,300.81464,298.01462,281.56464,297.20462,296.05463,297.50464,296.93463,296.78464,292.6046,291.41464,290.23462,289.70462,290.66464
292.18463,292.00464,291.22464,291.57462,291.84464,291.68463,291.11462,292.69464,292.19464,291.96463,293.3546,298.36462,301.18463,303.64462,305.88464,307.74463,309.98462,309.71463,309.93463,309.21463,307.51462,306.78464,306.03464,305.89462,305.50464,304.32462,302.71463,304.50464,307.16464,308.02463,306.8546,308.52463,308.63464,308.38464,309.04462,309.77463,308.88464,308.19464,306.88464,303.87463,304.32462,304.09464,304.16464,301.42462,302.36462,302.90463,301.39462,280.01462,281.17462,296.48462,298.04462,298.56464,297.98462,297.21463,294.64462,294.24463,294.13464,294.30463,293.20462,292.21463
292.47464,291.95462,291.8546,292.21463,292.3546,292.00464,293.37463,293.69464,292.73462,294.84464,299.63464,302.64462,304.43463,306.48462,308.64462,310.6046,311.20462,310.23462,309.98462,309.66464,307.71463,307.47464,306.63464,307.1046,306.20462,308.43463,308.34464,308.50464,307.58463,307.91464,305.59464,307.46463,309.51462,309.89462,308.94464,308.88464,308.21463,309.07462,306.12463,303.50464,305.47464,303.44464,302.80463,303.42462,302.46463,302.17462,283.88464,299.32462,299.73462,300.79462,300.07462,297.90463,297.59464,297.50464,297.92462,294.79462,295.00464,293.27463,294.32462,292.6046
292.45462,292.79462,292.90463,292.94464,292.92462,294.04462,295.02463,293.75464,296.18463,298.58463,303.39462,304.25464,305.65463,306.83463,308.41464,308.51462,311.00464,310.52463,310.03464,308.75464,308.58463,307.53464,304.74463,306.43463,305.15463,305.86462,305.44464,306.04462,305.45462,306.02463,307.95462,307.95462,309.08463,307.61462,308.58463,309.70462,310.30463,309.53464,307.53464,306.20462,305.06464,304.98462,304.66464,304.08463,302.88464,300.40463,302.16464,302.59464,301.1046,300.89462,297.99463,297.24463,297.01462,297.38464,298.01462,295.3546,295.24463,294.05463,294.05463,292.82462
294.12463,293.95462,294.15463,294.28464,295.22464,294.42462,296.61462,297.77463,299.15463,302.08463,303.96463,306.09464,306.56464,306.76462,307.49463,307.98462,309.73462,310.42462,310.49463,309.20462,307.71463,307.21463,307.98462,305.78464,303.54462,304.8546,304.00464,305.04462,305.19464,307.30463,307.57462,307.19464,309.08463,306.26462,310.65463,309.96463,308.18463,306.93463,306.88464,307.26462,307.08463,306.23462,305.28464,304.42462,305.25464,303.98462,301.44464,299.83463,301.37463,299.05463,295.47464,296.16464,297.92462,298.1046,298.17462,295.69464,294.97464,294.56464,293.06464,293.59464
295.42462,295.38464,295.17462,295.47464,292.89462,296.63464,297.68463,299.73462,302.71463,304.46463,305.19464,304.84464,306.04462,306.40463,308.07462,309.09464,309.48462,309.6046,310.12463,309.73462,309.54462,309.11462,307.38464,306.78464,307.26462,304.30463,304.81464,304.98462,303.6046,308.05463,308.62463,309.25464,309.43463,310.18463,309.57462,309.23462,307.8546,307.19464,306.29462,306.23462,306.45462,305.36462,304.89462,304.00464,302.34464,304.71463,301.6046,299.20462,298.46463,298.39462,298.42462,298.98462,299.57462,298.12463,297.99463,295.72464,294.8546,293.25464,292.73462,290.74463
296.72464,296.97464,296.8546,297.58463,298.76462,299.58463,301.05463,302.88464,305.03464,304.07462,306.55463,305.46463,305.80463,308.03464,310.05463,309.83463,311.02463,310.36462,310.74463,310.00464,307.38464,307.36462,309.29462,310.48462,297.57462,308.22464,306.48462,308.23462,307.58463,307.30463,305.70462,306.77463,304.01462,305.93463,309.96463,308.6046,308.71463,307.14462,305.73462,306.63464,306.39462,306.32462,305.42462,305.15463,305.37463,303.72464,302.50464,300.62463,300.61462,298.98462,299.37463,298.92462,300.33463,299.1046,298.32462,296.72464,292.52463,291.49463,291.59464,292.26462
297.39462,297.97464,298.12463,299.87463,301.57462,302.88464,303.80463,304.96463,306.00464,306.65463,307.76462,307.81464,307.79462,309.02463,310.54462,311.20462,311.71463,311.45462,310.86462,310.80463,310.13464,307.54462,307.71463,307.21463,307.14462,305.83463,307.24463,310.77463,311.11462,311.54462,308.90463,307.72464,307.88464,309.82462,310.31464,309.56464,308.94464,308.05463,306.81464,308.61462,306.42462,305.43463,305.22464,305.25464,303.70462,303.54462,303.46463,302.66464,302.44464,302.46463,300.82462,299.44464,299.43463,298.47464,298.19464,297.82462,294.46463,292.47464,291.14462,291.96463
294.89462,295.09464,299.06464,301.20462,302.80463,303.84464,305.45462,305.70462,306.59464,308.27463,309.03464,309.33463,309.62463,310.62463,298.39462,309.78464,311.89462,311.41464,311.47464,311.16464,310.95462,309.38464,300.1046,307.14462,307.57462,310.49463,312.44464,311.78464,311.98462,311.96463,311.54462,310.86462,311.12463,309.20462,308.27463,310.66464,309.96463,308.82462,308.68463,308.98462,309.07462,307.98462,307.65463,307.43463,305.79462,305.07462,304.02463,303.52463,303.36462,302.98462,302.66464,300.95462,300.70462,299.55463,298.59464,298.08463,297.6046,294.32462,292.47464,290.22464
293.6046,294.28464,301.02463,302.69464,303.86462,305.08463,305.74463,306.93463,307.74463,308.80463,309.33463,310.3546,310.90463,310.94464,310.3546,311.39462,311.27463,311.13464,311.13464,306.32462,302.59464,307.14462,309.02463,307.46463,311.09464,311.15463,311.06464,310.58463,310.89462,312.22464,312.30463,310.96463,312.19464,311.56464,311.53464,307.86462,311.50464,310.01462,308.13464,308.90463,307.04462,307.50464,307.23462,306.76462,306.71463,306.21463,305.52463,305.04462,304.66464,303.52463,302.90463,301.94464,300.82462,299.38464,298.20462,297.89462,298.30463,296.56464,294.78464,291.37463
294.05463,300.64462,302.91464,303.36462,304.89462,306.40463,308.42462,308.43463,307.69464,308.50464,309.67462,310.88464,310.57462,311.09464,311.42462,311.25464,310.77463,308.46463,308.52463,307.50464,308.58463,307.64462,304.84464,302.47464,302.14462,305.12463,309.24463,310.80463,309.07462,310.75464,310.99463,311.19464,310.31464,311.43463,313.91464,314.31464,313.15463,312.19464,310.72464,310.55463,310.58463,310.92462,308.78464,306.6046,306.44464,305.44464,305.58463,304.97464,305.44464,305.17462,303.48462,301.45462,300.89462,300.56464,299.23462,298.6046,298.22464,296.44464,295.87463,295.34464
301.98462,302.72464,303.47464,305.32462,306.65463,308.71463,310.09464,310.02463,310.41464,312.47464,310.00464,310.49463,310.6046,310.6046,312.11462,311.20462,306.58463,303.03464,303.99463,305.66464,303.88464,303.62463,302.46463,303.08463,305.96463,306.55463,305.05463,305.05463,313.17462,315.05463,314.43463,315.31464,316.11462,314.50464,311.18463,310.21463,312.99463,312.47464,311.71463,311.75464,310.27463,310.05463,309.07462,310.08463,308.11462,306.42462,306.50464,306.13464,305.89462,304.30463,303.02463,302.07462,301.30463,301.01462,299.6046,298.86462,298.32462,297.25464,297.28464,298.29462
303.28464,304.56464,306.19464,307.66464,309.54462,310.11462,310.72464,311.48462,312.64462,312.63464,309.01462,305.18463,305.33463,304.01462,303.77463,304.95462,302.90463,301.76462,299.98462,304.65463,300.15463,303.05463,310.39462,310.38464,311.62463,312.36462,310.07462,300.69464,311.91464,313.54462,313.72464,313.27463,313.99463,314.05463,313.78464,312.65463,310.59464,311.71463,311.29462,311.39462,311.55463,310.34464,309.99463,309.64462,309.00464,308.90463,308.02463,305.70462,304.37463,303.02463,303.18463,302.95462,301.56464,301.20462,300.30463,299.73462,299.07462,299.22464,299.63464,298.94464
303.31464,306.08463,308.08463,308.73462,309.72464,311.63464,312.84464,312.06464,310.68463,311.12463,310.80463,309.05463,310.76462,310.56464,304.31464,304.16464,303.18463,300.51462,303.50464,308.80463,311.67462,312.18463,312.51462,313.30463,312.81464,312.59464,313.33463,313.78464,313.25464,313.36462,313.48462,314.32462,313.8546,312.40463,313.28464,312.32462,312.82462,311.52463,311.98462,311.52463,311.45462,311.30463,310.67462,309.09464,308.18463,306.52463,305.37463,306.50464,306.08463,304.42462,304.21463,302.98462,303.23462,303.19464,302.57462,302.28464,301.96463,302.91464,302.69464,301.22464
306.1046,307.26462,308.54462,310.22464,311.87463,313.28464,313.26462,312.38464,310.72464,310.48462,309.67462,309.55463,307.68463,305.49463,304.18463,304.95462,308.8546,309.70462,310.77463,311.94464,312.26462,312.73462,312.05463,312.63464,312.75464,313.03464,312.82462,313.56464,313.65463,314.24463,313.80463,313.63464,313.23462,313.1046,312.75464,311.87463,311.97464,311.11462,311.86462,312.38464,311.70462,311.78464,310.68463,309.34464,309.17462,307.62463,308.13464,306.33463,305.93463,304.77463,305.55463,305.80463,304.73462,305.29462,305.40463,303.51462,305.38464,305.92462,304.68463,303.63464
306.44464,308.38464,309.39462,311.30463,313.52463,313.69464,312.04462,313.20462,306.68463,306.81464,306.38464,305.34464,301.33463,302.61462,301.94464,300.93463,310.56464,310.75464,311.73462,311.70462,312.25464,311.88464,312.21463,312.94464,312.68463,312.16464,312.40463,312.3546,312.3546,310.77463,308.75464,306.96463,306.99463,309.49463,309.02463,309.88464,309.64462,308.03464,307.74463,304.53464,311.05463,310.19464,311.00464,309.94464,309.72464,308.37463,306.13464,307.99463,306.58463,306.34464,306.58463,307.36462,304.71463,305.91464,306.61462,308.41464,306.55463,305.48462,296.67462,294.61462
