demo/data/weather/current/current-wind-surface-level-gfs-1.0.json
{"header": {"discipline":0,"disciplineName":"Meteorological products","gribEdition":2,"gribLength":79536,"center":7,"centerName":"US National Weather Service - NCEP(WMC)","subcenter":0,"refTime":"2023-06-08T06:00:00.000Z","significanceOfRT":1,"significanceOfRTName":"Start of forecast","productStatus":0,"productStatusName":"Operational products","productType":1,"productTypeName":"Forecast products","productDefinitionTemplate":0,"productDefinitionTemplateName":"Analysis\/forecast at horizontal level\/layer at a point in time","parameterCategory":2,"parameterCategoryName":"Momentum","parameterNumber":2,"parameterNumberName":"U-component_of_wind","parameterUnit":"m.s-1","genProcessType":2,"genProcessTypeName":"Forecast","forecastTime":0,"surface1Type":100,"surface1TypeName":"Isobaric surface","surface1Value":100000,"surface2Type":255,"surface2TypeName":"Missing","surface2Value":0,"gridDefinitionTemplate":0,"gridDefinitionTemplateName":"Latitude_Longitude","numberPoints":65160,"shape":6,"shapeName":"Earth spherical with radius of 6,371,229.0 m","gridUnits":"degrees","resolution":48,"winds":"true","scanMode":0,"nx":360,"ny":181,"basicAngle":0,"lo1":0,"la1":90,"lo2":359,"la2":-90,"dx":1,"dy":1}, "data":
[rows 125 to 149 of 181, columns 171 to 227 of 360]
-4.8580885,-6.5480886,-3.5180883,-7.718088,-10.798088,-13.648088,-15.188088,-14.568089,-14.248089,-13.628088,-12.848088,-12.008088,-10.228088,-9.528089,-8.838088,-3.3480883,-3.0080884,-5.3180885,-7.7480884,-8.008088,-9.368089,-10.808088,-7.5280886,-10.028089,-8.068089,-6.3780885,-5.9380884,-4.9880886,-5.2580886,-4.1880884,-3.1380885,-1.7080884,-0.8380884,-0.7980884,1.6219116,2.5019116,2.9019117,3.5719116,4.7619114,6.7219114,9.181911,11.381911,11.991912,12.481912,12.721911,15.571912,16.48191,16.661911,13.191912,12.241912,9.091911,8.831912,10.671911,8.611912,7.8719115,6.5219116,2.1019115
-5.718088,-7.3280883,-6.1480885,-3.5980883,-9.408089,-14.508088,-14.748089,-14.968088,-15.318089,-15.868089,-15.8580885,-14.1080885,-12.708088,-13.118089,-13.998089,-17.50809,-11.828089,-10.6080885,-14.738089,-7.968088,-15.138088,-12.868089,-11.908089,-8.408089,-7.8580885,-6.2080884,-5.928088,-5.1280885,-4.3080883,-3.2180884,-2.0880883,-1.2080884,-0.5480884,0.13191162,0.6419116,1.9119116,2.5119116,3.6819117,4.9719114,7.2919116,9.531912,10.621912,12.181911,13.171911,15.331912,16.441912,16.951912,17.271912,15.221911,11.481912,10.261911,10.221911,10.961911,9.831912,5.9419117,6.9519114,3.4119117
-4.5780883,-5.1080885,-7.4980884,-6.3580885,-2.6180885,-11.038089,-14.318089,-14.318089,-12.718088,-14.138088,-14.758088,-14.878088,-13.718088,-14.818089,-14.208088,-15.188088,-16.938087,-18.338089,-18.25809,-16.318089,-12.718088,-9.558088,-8.918088,-7.3380885,-7.0980883,-5.3580885,-5.5580883,-3.9680884,-3.3680885,-2.3680885,-0.7180884,-1.1480883,0.48191163,0.08191162,1.3219116,1.3719116,2.8319116,3.2919116,4.9019117,8.131911,9.601912,11.721911,12.151912,12.971911,14.3919115,17.311913,18.711912,14.041912,13.351912,10.851912,10.011911,9.601912,10.491912,8.091911,5.9419117,8.451912,-10.578089
-3.9980884,-3.4380884,-3.9580884,-4.178088,-1.2580884,-1.6180884,-5.6480885,-2.6580884,-10.798088,-12.1080885,-13.408089,-14.048088,-14.058088,-13.518088,-13.588088,-13.368089,-14.228088,-13.708088,-13.768088,-10.978088,-9.618089,-6.3380885,-5.5080886,-6.2680883,-5.1880884,-4.0880885,-4.2480884,-2.4180884,-1.7080884,0.10191162,-2.9280884,0.6019116,0.6719116,2.0219116,0.45191163,1.2819116,2.2219117,4.071912,6.5019116,7.5819116,8.481912,10.501911,10.941912,9.871912,8.801911,8.201912,7.6919117,11.081912,10.1419115,6.6319118,7.571912,7.8519115,7.091912,7.2719116,5.8119116,8.661912,-11.018088
-4.8980885,-9.728088,-6.7880883,-1.5980884,-0.10808838,-0.99808836,-0.16808838,-7.3980885,-8.908089,-10.408089,-11.648088,-11.738089,-11.148088,-12.638088,-11.768088,-11.138088,-12.798088,-11.788089,-10.888088,-9.078089,-7.468088,-2.5380883,-2.4380884,-5.2880883,-5.7880883,-5.218088,-3.0880883,-0.5180884,1.9319116,-1.8580884,-1.6980884,1.4119116,2.0219116,1.9419116,-0.80808836,1.2819116,4.0619116,4.2319117,4.6519117,6.091912,8.321912,7.6619115,4.7419114,4.841912,4.361912,2.9119117,-3.5880883,-4.0180883,-1.3080884,4.6019115,6.1319118,5.841912,6.1219115,5.4419117,7.0219116,-12.058088,-16.668089
-2.7480884,-6.0680885,-8.798088,-9.258088,-8.528089,-1.3580884,-7.718088,-8.228088,-9.668088,-10.348088,-10.198089,-10.688088,-10.478088,-10.888088,-10.288089,-10.008088,-9.428088,-8.478088,-9.268088,-7.5180883,-8.088088,-8.638088,-7.8080883,-7.3280883,-5.7880883,-4.4880886,-2.7080884,-1.4780884,-2.9880884,-2.2680883,1.1719116,2.0519116,1.8119116,1.4819117,1.4019116,4.3119116,2.7519116,1.8419117,4.9819117,5.281912,4.861912,0.7919116,3.0019116,2.8119116,0.9619116,-0.42808837,0.24191162,0.88191164,4.5019116,4.4219117,3.9919116,4.5119114,1.7219117,-0.2780884,-13.658089,-15.478088,-15.038089
0.12191162,0.22191162,1.0119116,-1.6980884,-1.4280884,-1.6980884,-7.3580885,-7.1080885,-7.2780886,-9.1080885,-8.328089,-10.458088,-8.938088,-8.728088,-8.538089,-8.3580885,-8.478088,-7.3780885,-5.6480885,-4.5580883,-6.2680883,-5.5180883,-5.1080885,-4.4180884,-3.7180884,-4.0480886,-3.5280883,-2.2980883,-0.2780884,0.32191163,1.5519116,2.0619116,1.9719117,2.5819116,3.8619115,2.6519117,1.4319116,2.9619117,4.2719116,3.7019117,3.3919115,2.4619117,2.9519117,1.8119116,2.2519116,1.2419116,1.6819116,2.0519116,1.6019117,-0.74808836,-0.34808838,6.6719117,-2.1480885,-8.908089,-15.578089,-15.008088,-13.058088
0.49191162,-0.68808836,-0.32808837,0.5219116,-5.3380885,-6.468088,-5.8080883,-4.7480884,-5.2080884,-6.4780884,-7.908088,-7.8380885,-7.908088,-6.4580884,-6.0780883,-7.3280883,-6.9580884,-6.718088,-5.7380886,-4.7980886,-3.9780884,-3.4080884,-3.3480883,-1.6780884,-1.2980884,-0.81808835,0.32191163,0.7719116,1.3519117,1.4819117,2.4519117,2.7419116,4.0219116,4.531912,3.1019115,2.6119115,2.9619117,2.6119115,2.8419116,2.7519116,1.4519116,1.2119117,0.9819116,-0.10808838,0.38191164,0.8519116,-2.9680884,-3.5280883,-5.4380884,-10.798088,-10.028089,-16.208088,-20.92809,-17.828089,-15.818089,-13.128088,-11.868089
-0.87808836,0.07191162,-1.6580883,-4.3380885,-3.5280883,-2.6780884,-2.5780883,-3.0180883,-2.5780883,-2.3880885,-1.8080884,-3.6080885,-4.2680883,-4.718088,-4.5080886,-4.2780886,-4.3080883,-2.5280883,-1.8080884,-0.98808837,-0.8580884,0.87191164,1.0319116,1.2319117,2.1519117,2.4319117,2.7619116,3.5319116,3.6219115,4.1819115,4.801912,5.3719115,5.2619114,5.0219116,4.611912,4.3319116,3.4719117,2.8719115,2.0819116,2.1819117,0.4419116,-1.0480884,-2.3780885,-3.4580884,-3.3080883,-7.8780885,-7.5680885,-7.1080885,-10.418088,-11.888088,-13.648088,-13.398088,-14.958088,-14.158089,-12.8580885,-10.378088,-9.248089
0.26191163,-2.9980884,-0.6580884,-2.1780884,-1.6180884,-1.1580883,-1.7280884,-2.4780884,-1.9880884,-1.4080883,-1.1480883,-0.32808837,-0.12808838,0.48191163,0.5419116,0.38191164,0.4119116,0.0019116211,1.2219117,1.9619117,3.2219117,2.8119116,4.4519114,5.5019116,5.2219114,5.8919115,6.2619114,6.111912,6.6719117,6.9319115,7.1319118,7.1919117,7.2419114,7.111912,6.4719114,5.821912,4.4219117,2.9619117,1.7219117,1.8319116,-0.9480884,-1.0980884,-2.1180885,-4.7380886,-5.9780884,-4.8180885,-6.3280883,-9.048088,-10.628088,-10.848088,-10.728088,-7.7880883,-9.248089,-10.248089,-8.688088,-8.488089,-7.2680883
-0.28808838,-0.6580884,-0.3380884,-0.35808837,0.6719116,1.5319116,1.6819116,1.9719117,2.5819116,2.8019116,3.0219116,3.1019115,3.2519116,3.3519115,3.6019115,3.9919116,3.8119116,4.5119114,4.9219117,4.8519115,4.9719114,5.6219115,6.6819115,6.6919117,7.2219114,7.9919114,8.651912,8.281912,8.471911,9.701912,10.111912,9.791912,9.151912,8.181911,6.6819115,6.4419117,5.6719117,4.1419115,2.9019117,1.6119117,0.6119116,-0.23808838,-0.5280884,-2.6480885,-5.0680885,-1.6680884,-5.8580885,-7.448088,-8.688088,-8.428088,-8.568089,-8.658089,-9.1080885,-8.618089,-7.2080884,-6.5080886,-4.8780885
-0.45808837,0.08191162,0.88191164,2.3319116,3.3619115,4.0219116,4.2519116,4.9419117,5.4519114,5.7519116,6.091912,6.2219114,6.4519114,6.9119115,7.321912,7.1719117,7.611912,7.6919117,7.801912,7.781912,7.7619114,8.061912,8.211911,8.101912,8.871912,8.881911,9.171911,10.261911,9.651912,10.741912,10.591911,10.411912,11.001911,10.791912,9.901912,8.821912,6.5619116,6.1919117,4.2419114,2.9119117,2.0619116,-0.24808837,-1.4980884,-1.8080884,-1.3180884,-3.9580884,-4.3780885,-6.0880885,-7.1880884,-7.2280884,-7.0080886,-4.9880886,-5.3180885,-5.5380883,-4.9880886,-3.2480884,-2.1080885
3.2419116,2.8919115,3.3719115,5.5219116,6.4619117,6.7719116,6.8919115,7.3519115,7.8319116,8.101912,8.3919115,8.461911,8.521912,8.781912,8.851912,9.231912,9.291912,9.801911,9.981912,10.3919115,10.671911,10.551911,10.471911,10.871912,10.921911,10.801911,11.271912,11.151912,10.831912,10.941912,11.091911,11.151912,10.721911,10.351912,9.761911,10.541912,10.071912,9.121912,6.1519117,5.6719117,4.2719116,1.9019116,-0.2780884,-1.2280884,0.6119116,-1.0380883,-1.7180884,-2.9180884,-4.1280885,-5.5280886,-6.2980886,-5.8680882,-2.8680885,-2.6380885,-1.2280884,0.8919116,2.4219117
4.7619114,5.1019115,5.4419117,5.6719117,7.301912,8.311912,9.001911,9.681911,10.001911,10.441912,10.221911,10.571912,10.911912,10.921911,10.961911,11.131911,11.111912,11.261911,11.471911,11.791912,12.1419115,11.841911,12.301911,12.691912,12.781912,13.341911,13.051911,12.951912,12.441912,12.091911,11.591911,11.261911,11.381911,11.271912,11.341911,9.001911,9.871912,10.311912,9.081912,6.3519115,6.321912,5.1519117,2.8019116,1.1419116,0.33191162,2.4219117,1.2219117,-0.3380884,-1.4080883,-1.4480884,-2.6480885,-2.2580884,-1.4580884,-1.7480884,2.2019117,4.4819117,5.4219117
6.6719117,7.3519115,8.181911,8.3919115,8.311912,9.301911,10.561912,11.471911,12.001911,12.481912,12.811912,12.791912,12.771912,12.851912,12.811912,12.851912,12.831912,12.661912,12.451912,12.851912,13.191912,13.6419115,13.941912,14.491912,13.721911,14.091911,13.931911,13.921911,13.481912,13.361912,13.361912,13.121912,13.281912,12.171911,11.8919115,11.281912,11.221911,10.401912,9.631911,9.3919115,7.801912,6.7919116,6.281912,4.9719114,2.8619115,0.3119116,2.8019116,2.1919117,1.9619117,2.7919116,3.2719116,1.8619117,1.5219116,2.4219117,3.6519117,4.301912,5.4219117
9.3919115,9.741912,10.601912,11.061912,11.531912,11.941912,12.651912,13.421911,13.911912,13.941912,14.601912,15.361912,15.681911,15.251911,14.731912,14.271912,13.601912,13.751911,14.001911,14.481912,14.651912,14.771912,15.001911,14.831912,14.601912,13.931911,13.821912,13.801911,13.811912,14.061912,14.3919115,13.941912,13.441912,13.171911,13.751911,12.451912,11.721911,11.041912,10.981912,10.631911,10.071912,8.271912,7.7219114,7.2519116,7.2219114,5.031912,2.3819115,1.4319116,3.7919116,5.4619117,6.3719115,5.5219116,5.4019117,6.3919115,6.8719115,7.3719115,8.571912
11.3919115,11.461911,11.8919115,12.491912,13.051911,13.301911,13.801911,14.401912,14.831912,15.041912,15.201912,15.221911,15.221911,15.601912,15.381911,15.461911,15.431911,15.481912,15.861912,15.701912,16.021912,16.391912,16.49191,16.49191,15.951912,15.491912,15.231912,15.191912,15.051911,14.791912,14.521912,13.941912,13.651912,13.441912,13.291912,13.901912,13.3919115,12.971911,12.441912,11.8919115,11.191912,10.931911,9.911912,9.371912,8.571912,9.1419115,8.431911,6.7919116,5.4419117,4.781912,4.7619114,6.4519114,7.4419117,10.291912,8.991912,8.581912,8.881911
11.231912,11.411912,11.481912,11.101912,11.041912,11.471911,12.481912,13.1419115,13.901912,14.231912,14.461911,14.881911,14.941912,15.241912,15.621912,16.011911,16.361912,16.751911,16.771912,17.191912,17.73191,17.891912,16.99191,16.871912,18.15191,17.831911,16.90191,16.181911,15.821912,15.521912,14.6419115,14.3919115,14.821912,14.421911,14.311912,13.711911,13.201912,12.981912,13.601912,13.521912,12.431911,12.291912,11.381911,10.931911,9.911912,9.941912,9.781912,10.101912,9.801911,8.941912,7.2619114,6.051912,6.051912,6.0219116,6.0119114,6.2419114,5.9219117
6.841912,5.9619117,6.9519114,7.4719114,5.6019115,6.6719117,7.781912,9.751911,9.861912,9.531912,8.831912,9.231912,9.861912,11.041912,12.081912,12.981912,14.251911,14.181911,14.351912,15.491912,15.351912,14.991912,14.871912,14.041912,11.241912,10.981912,14.051911,14.011911,15.601912,14.931911,14.881911,13.961911,13.671911,13.661912,13.631911,13.711911,13.331912,12.921911,12.781912,12.481912,12.801911,13.101912,13.291912,11.581912,10.861912,9.761911,10.581912,10.691912,10.481912,10.131911,11.111912,10.941912,10.201912,8.991912,8.341911,8.231912,7.7119117
6.5619116,7.5119114,7.9619117,8.361912,9.001911,9.761911,10.331912,10.951912,11.421911,11.341911,11.861912,12.571912,12.901912,13.401912,14.121912,14.551911,15.131911,14.451912,14.591911,14.091911,12.991912,11.611912,13.631911,12.871912,13.101912,13.331912,12.801911,13.481912,14.271912,11.821912,11.511911,11.761911,12.161912,12.781912,13.571912,13.531912,12.451912,11.871912,11.431911,11.531912,11.931911,11.251911,11.161912,11.221911,11.471911,10.941912,11.181911,10.831912,11.001911,11.371912,11.991912,12.001911,12.721911,12.241912,11.711911,11.521912,10.661912
8.741912,9.701912,10.611912,11.301911,11.761911,12.121912,13.301911,13.371912,13.621912,14.681911,14.881911,14.921911,14.941912,14.601912,14.901912,14.921911,14.441912,13.761911,14.211911,14.201912,13.971911,14.401912,13.651912,13.871912,14.671911,12.771912,13.321912,13.421911,13.821912,13.041912,12.531912,13.461911,14.101912,15.341911,14.441912,13.441912,12.071912,12.161912,12.501911,11.801911,11.431911,11.121912,11.071912,11.441912,11.571912,11.461911,11.181911,10.571912,9.981912,10.171911,10.481912,11.301911,11.8919115,11.821912,12.361912,12.331912,12.271912
11.421911,12.171911,12.711911,13.271912,12.911912,13.241912,13.601912,13.961911,14.801911,14.951912,14.801911,14.421911,14.991912,14.821912,15.311912,14.411912,14.271912,14.161912,14.911912,15.451912,15.671911,16.221912,16.211912,15.801911,15.351912,14.861912,14.651912,14.181911,13.201912,12.451912,11.001911,13.401912,13.571912,12.441912,11.551911,11.171911,11.251911,10.941912,7.6819115,3.5319116,10.251911,10.251911,9.011911,8.971911,8.861912,8.961911,9.431911,10.111912,11.001911,11.301911,11.441912,11.191912,11.231912,11.481912,11.841911,11.801911,11.511911
13.081912,13.961911,13.951912,14.221911,13.921911,14.951912,13.841911,14.741912,14.061912,14.611912,14.711911,14.001911,14.261911,13.841911,13.511911,13.951912,15.341911,15.421911,16.32191,16.361912,13.501911,15.741912,15.551911,16.601912,16.23191,15.541912,14.671911,14.561912,12.1419115,12.351912,12.981912,13.691912,13.371912,11.411912,10.541912,7.7719116,7.9419117,5.361912,7.8819118,5.9219117,5.091912,4.9119115,5.6519117,5.9319115,6.7319117,4.4719114,3.0219116,2.9219117,2.8619115,3.1719117,5.571912,9.921911,10.6419115,11.001911,12.011911,11.771912,12.281912
13.911912,14.021912,14.001911,13.881911,13.731912,13.441912,13.351912,13.691912,14.381911,14.381911,13.561912,13.121912,13.801911,13.931911,13.941912,14.811912,13.931911,15.701912,16.301912,17.211912,17.201912,16.951912,18.331911,15.931911,14.611912,14.071912,15.081912,16.281912,14.831912,13.411912,11.541912,8.661912,6.4919114,5.9919114,6.0819116,2.8519115,3.2119117,2.7519116,2.6419115,1.8919116,2.7419116,1.4719117,4.9519114,5.281912,3.2219117,3.8419116,4.301912,3.9719117,4.3519115,5.0619116,5.7719116,6.8319116,8.031912,10.051911,11.351912,12.601912,12.971911
13.711911,13.481912,13.001911,12.591911,12.741912,13.831912,12.971911,12.861912,12.791912,12.581912,13.031912,11.931911,12.441912,13.491912,14.231912,15.251911,15.151912,15.381911,15.541912,16.331911,16.391912,15.991912,14.481912,14.701912,13.931911,14.651912,16.161911,15.681911,17.311913,13.051911,11.121912,9.401912,8.531912,7.6419115,5.611912,5.7119117,5.5419116,6.0019116,5.7919116,6.2319117,6.6419115,7.6819115,7.8519115,8.151912,6.551912,7.6919117,8.311912,8.751911,9.101912,9.211911,9.851912,10.171911,10.611912,11.091911,11.661912,12.461911,13.691912
