demo/data/weather/current/current-mean_sea_level_pressure-isobaric-1000hPa-gfs-1.0.json
{"header": {"discipline":0,"disciplineName":"Meteorological products","gribEdition":2,"gribLength":74151,"center":7,"centerName":"US National Weather Service - NCEP(WMC)","subcenter":0,"refTime":"2023-06-08T06:00:00.000Z","significanceOfRT":1,"significanceOfRTName":"Start of forecast","productStatus":0,"productStatusName":"Operational products","productType":1,"productTypeName":"Forecast products","productDefinitionTemplate":0,"productDefinitionTemplateName":"Analysis\/forecast at horizontal level\/layer at a point in time","parameterCategory":3,"parameterCategoryName":"Mass","parameterNumber":0,"parameterNumberName":"Pressure","parameterUnit":"Pa","genProcessType":2,"genProcessTypeName":"Forecast","forecastTime":0,"surface1Type":1,"surface1TypeName":"Ground or water surface","surface1Value":0,"surface2Type":255,"surface2TypeName":"Missing","surface2Value":0,"gridDefinitionTemplate":0,"gridDefinitionTemplateName":"Latitude_Longitude","numberPoints":65160,"shape":6,"shapeName":"Earth spherical with radius of 6,371,229.0 m","gridUnits":"degrees","resolution":48,"winds":"true","scanMode":0,"nx":360,"ny":181,"basicAngle":0,"lo1":0,"la1":90,"lo2":359,"la2":-90,"dx":1,"dy":1}, "data":
[rows 27 to 53 of 181, columns 59 to 117 of 360]
95666.945,99102.14,100140.55,100382.14,100521.34,100652.55,100706.945,99668.55,99620.55,99623.74,99486.14,99346.945,99244.55,99202.945,99049.34,98769.34,98527.74,98372.55,98362.945,98857.34,98654.14,98190.14,97692.55,97831.74,98161.34,98118.14,98098.945,98572.55,99308.55,99434.945,98380.55,97135.74,96457.34,95010.945,94118.14,95345.34,96052.55,96351.74,95127.74,95449.34,97185.34,96847.74,96286.14,95622.14,96078.14,97154.945,97284.55,97665.34,98017.34,97858.945,97150.14,97174.14,97775.74,97615.74,98033.34,97441.34,98602.945,98489.34,99310.14
96482.945,98151.74,100257.34,99958.14,99284.55,99710.14,99556.55,99799.74,100498.945,100164.55,99842.945,99554.945,99484.55,99532.55,99278.14,99239.74,99020.55,99122.945,99017.34,98858.945,98791.74,98881.34,98727.74,98721.34,98479.74,98471.74,98353.34,98826.945,98065.34,97929.34,98444.55,97402.945,97521.34,96842.945,95670.14,96246.14,95422.14,94529.34,95007.74,96110.14,96287.74,96503.74,96134.14,95993.34,96242.945,95714.945,96524.55,96558.14,96991.74,97746.945,97430.14,97570.945,97409.34,96510.14,97286.14,97498.945,97361.34,98361.34,99249.34
94932.55,97986.945,99410.945,99966.14,100002.945,100036.55,100036.55,99962.945,100239.74,100425.34,100377.34,100106.945,100095.74,99943.74,99855.74,99650.945,99583.74,99665.34,99482.945,99361.34,99271.74,99102.14,98798.14,98809.34,98415.74,98505.34,98449.34,98650.945,98511.74,98527.74,99076.55,98414.14,96343.74,96748.55,98084.55,97594.945,96337.34,95900.55,96265.34,95276.55,95830.14,95793.34,96433.34,96585.34,96452.55,96231.74,96479.74,97058.945,97572.55,97594.945,97412.55,97132.55,96116.55,96209.34,96418.945,96951.74,97700.55,97116.55,97633.34
94503.74,98492.55,99919.74,100297.34,100204.55,100207.74,100330.945,100404.55,100284.55,100270.14,100340.55,100044.55,99783.74,99882.945,99582.14,99394.945,99412.55,99183.74,99188.55,99190.14,99575.74,99233.34,98978.945,99006.14,98794.945,98409.34,98543.74,98348.55,98420.55,98558.14,98908.55,99054.14,97162.945,95530.945,93799.74,93799.74,94902.14,95230.14,95966.14,96567.74,96370.945,96794.945,97343.74,96930.945,97063.74,96686.14,96466.945,96415.74,96767.74,97313.34,96407.74,96697.34,96668.55,97034.945,96446.14,96991.74,95482.945,94500.55,97338.945
95300.55,98756.55,99638.14,100014.14,99607.74,100244.55,100062.14,99982.14,100358.14,100366.14,100300.55,99786.945,99743.74,99705.34,99516.55,99540.55,99236.55,99191.74,99052.55,99130.945,99089.34,99244.55,99380.55,99345.34,99034.945,98930.945,98906.945,98921.34,98850.945,98966.14,98494.14,98542.14,98644.55,98330.945,96705.34,94857.34,96190.14,96407.74,97105.34,97186.945,98265.34,97170.945,97953.34,97654.14,97346.945,96518.14,94684.55,94799.74,96207.74,96282.945,96602.945,95663.74,96639.74,96798.14,94590.14,90684.55,87996.55,91634.945,93801.34
97146.945,98385.34,98618.945,99662.14,99974.14,100127.74,99978.945,100372.55,100399.74,100372.55,100206.14,100009.34,99689.34,99500.55,99438.14,99201.34,99034.945,98998.14,98974.14,98663.74,98839.74,98902.14,98842.945,98959.74,99305.34,99266.945,98922.945,98713.34,98722.945,98548.55,98572.55,98558.14,98519.74,98735.74,98745.34,98534.14,97793.34,96287.74,96871.74,97548.55,97793.34,97369.34,96767.74,96914.945,96236.55,95164.55,95378.945,95244.55,95458.945,96497.34,96026.945,96282.945,95732.55,92846.14,93119.74,93706.945,92330.945,89122.945,88255.74
97330.945,97110.14,98198.14,99271.74,99814.14,99930.945,100206.14,100438.14,100230.14,99852.55,99986.945,99841.34,99770.945,99639.74,99628.55,99686.14,99023.74,98870.14,98730.945,98610.945,98601.34,98610.945,98762.945,98887.74,98940.55,99182.14,98646.14,98806.14,99014.14,98673.34,98487.74,98116.55,98222.14,97580.55,97946.945,96258.945,98276.55,97846.14,97884.55,97518.14,97580.55,95970.945,95734.14,95554.945,95674.945,96156.55,95372.55,95081.34,95263.74,96210.945,90644.55,88838.14,88377.34,91679.74,89145.34,88978.945,88071.74,88969.34,85185.34
97030.14,96444.55,98550.14,99444.55,99674.945,99938.945,99641.34,100114.945,99482.945,99492.55,99543.74,99489.34,99422.14,99454.14,99326.14,99326.14,98879.74,98918.14,98921.34,98799.74,98759.74,98738.945,98692.55,98596.55,98822.14,99252.55,98791.74,97838.14,97855.74,98420.55,97553.34,97361.34,97262.14,95337.34,97276.55,96570.945,97266.945,97367.74,96574.14,97358.14,96681.34,96892.55,95188.55,96524.55,95500.55,95178.945,92810.945,93738.945,92180.55,95270.14,85522.945,90407.74,92630.14,91956.55,84022.14,86513.34,85308.55,89636.55,83665.34
94742.14,96578.945,98119.74,99284.55,99337.34,99446.14,100244.55,99422.14,99508.55,99430.14,99631.74,99294.14,99302.14,99281.34,99324.55,99105.34,98961.34,98966.14,98985.34,99033.34,98906.945,98758.14,98665.34,98498.945,98777.34,97830.14,98330.945,98223.74,98119.74,93297.34,92151.74,94718.14,96545.34,94894.14,93110.14,92857.34,94079.74,94134.14,93505.34,92465.34,95444.55,94679.74,95441.34,95284.55,94670.14,93318.14,93620.55,92988.55,92866.945,92569.34,91862.14,87450.945,87463.74,83034.945,86290.945,85278.14,90561.34,91362.945,91473.34
95396.55,97282.945,98508.55,99199.74,99434.945,99478.14,99694.14,99236.55,99198.14,99129.34,99196.55,99182.14,99274.945,99556.55,99266.945,98937.34,99002.945,99039.74,99023.74,99009.34,98855.74,98278.14,98322.945,97678.14,98087.74,98175.74,97750.14,95719.74,97572.55,96434.945,88572.55,90505.34,94714.945,96402.945,96207.74,94230.14,90239.74,83655.74,81167.74,85796.55,89407.74,94353.34,94980.55,95442.945,95359.74,92948.55,90630.14,93401.34,92199.74,86417.34,96074.945,88815.74,83137.34,86092.55,88842.945,90559.74,91063.74,90638.14,90446.14
97270.14,96897.34,98342.14,99034.945,99188.55,99044.55,99782.14,98700.55,98135.74,97143.74,96793.34,96490.945,97362.945,98145.34,99255.74,98894.14,98914.945,98999.74,98998.14,98818.945,98983.74,99158.14,98740.55,97802.945,98057.34,98777.34,97436.55,97329.34,96847.74,93242.945,90842.945,94126.14,93209.34,92777.34,91898.945,87914.945,88927.74,87998.14,86434.945,84020.55,80406.14,80441.34,85050.945,94298.945,95138.945,94425.34,93422.14,91751.74,95847.74,96098.945,90513.34,87369.34,87012.55,89513.34,89018.945,89026.945,89286.14,90466.945,90703.74
98015.74,97468.55,97791.74,98526.14,98719.74,98913.34,98895.74,98185.34,97202.945,96726.14,96846.14,96902.14,96159.74,96844.55,97038.14,97798.14,98218.945,98802.945,98908.55,98642.945,98572.55,98050.945,97630.14,98254.14,97743.74,97116.55,95583.74,96063.74,95145.34,89476.55,85706.945,84362.945,81694.14,85498.945,86743.74,89086.14,84612.55,83553.34,86681.34,81964.55,77847.74,79274.945,78273.34,79932.55,88734.14,93071.74,92769.34,96026.945,92278.14,91601.34,92350.14,91513.34,90610.945,88540.55,90271.74,90735.74,90886.14,92964.55,92538.945
98935.74,97570.945,97839.74,98594.945,98270.14,99100.55,99345.34,97714.945,97737.34,97426.945,96625.34,96556.55,96495.74,95964.55,94026.945,95820.55,96359.74,97209.34,97812.55,98598.14,98258.945,97782.14,97628.55,96817.34,90721.34,86044.55,87286.14,86514.945,82780.55,82148.55,78022.14,84830.14,86650.945,81794.945,81118.14,82722.945,89039.74,85151.74,85319.74,81026.945,79226.945,79230.14,80666.945,81039.74,82367.74,85489.34,85258.945,91793.34,93129.34,89975.74,91020.55,87598.14,88238.14,90049.34,88375.74,90174.14,92417.34,91660.55,88990.14
98230.14,98492.55,98497.34,99372.55,99650.945,100007.74,99614.14,98754.945,96556.55,96169.34,96663.74,96476.55,96034.945,95070.14,94662.14,94121.34,93193.34,92897.34,93044.55,95287.74,97073.34,96646.14,96647.74,95961.34,93852.55,89122.945,84966.14,80271.74,78118.14,76095.74,79068.55,78316.55,79391.74,89703.74,92058.945,89588.55,87575.74,82231.74,77124.55,78015.74,80954.945,82351.74,83434.945,84193.34,85089.34,85806.14,89354.945,92425.34,91220.55,90478.14,87927.74,84686.14,83748.55,85919.74,89826.945,90844.55,92258.945,92994.945,91914.945
97316.55,99338.945,99126.14,100354.945,99745.34,99882.945,98734.14,97580.55,95046.14,94708.55,95510.14,95550.14,94471.74,94564.55,92458.945,91630.14,90551.74,89305.34,90148.55,91470.14,92612.55,94116.55,94167.74,92577.34,92489.34,90982.14,80238.14,79874.945,78018.945,72142.14,77706.945,80194.945,82892.55,82686.14,87895.74,86422.14,84740.55,80881.34,80412.55,78226.945,78103.74,81814.14,83425.34,85377.34,84313.34,86182.14,91358.14,90830.14,86740.55,84364.55,83674.945,85674.945,87758.14,87966.14,88970.945,90220.55,91457.34,91801.34,93212.55
98985.34,99001.34,100222.14,100199.74,100554.945,99890.945,99164.55,96681.34,95606.14,96289.34,96868.55,96545.34,95191.74,92822.14,92001.34,92890.945,91844.55,93609.34,92729.34,93393.34,93270.14,92124.55,91932.55,92615.74,96081.34,96583.74,96158.14,95892.55,92978.945,83385.34,78218.945,72585.34,72222.14,87809.34,87522.945,87614.14,81698.945,80734.14,76073.34,74263.74,76162.945,77554.945,80826.945,82932.55,84422.14,89146.945,88585.34,86850.945,84068.55,81873.34,82753.34,86346.945,87137.34,88946.945,90610.945,91334.14,91465.34,92372.55,93434.945
99617.34,99050.945,100002.945,100353.34,100236.55,99812.55,99404.55,98230.14,97364.55,97561.34,97190.14,96676.55,94842.945,94791.74,94212.55,95674.945,96127.74,96114.945,95169.34,94985.34,96218.945,96569.34,96076.55,93302.14,89039.74,84620.55,80036.55,79748.55,91935.74,94441.34,91798.14,82706.945,75838.14,73529.34,81377.34,84942.14,83682.945,83833.34,77354.945,73839.74,77625.34,73186.945,74646.14,80423.74,83377.34,83660.55,86121.34,86615.74,85610.945,85628.55,87380.55,88414.14,86908.55,86921.34,88169.34,89362.945,89508.55,92790.14,92380.55
100686.14,101118.14,100889.34,100567.74,100137.34,99977.34,99178.945,100122.945,98814.14,98350.14,97905.34,97234.945,96609.34,95423.74,96063.74,97161.34,97071.74,96932.55,96873.34,96924.55,96118.14,95465.34,91734.14,97001.34,84266.945,86559.74,93137.34,97079.74,95295.74,93270.14,91962.945,89738.945,86015.74,85498.945,78639.74,76937.34,87345.34,85510.14,80929.34,82626.945,83060.55,82719.74,80332.55,79057.34,83690.945,85038.14,85830.14,85308.55,85628.55,86654.14,87633.34,89393.34,87562.945,89868.55,88407.74,87924.55,88814.14,89340.55,89006.14
101180.55,101265.34,101044.55,100670.14,100262.14,100084.55,99810.945,99670.14,99604.55,99511.74,98681.34,98532.55,97874.945,97561.34,95545.34,96884.55,96953.34,96721.34,96514.945,95577.34,80204.55,68890.945,82054.14,93162.945,97833.34,97770.945,97524.55,97086.14,96039.74,94170.945,93658.945,90086.14,85310.14,87190.14,85180.55,82886.14,76223.74,86826.945,83910.14,75364.55,79409.34,79575.74,85215.74,85775.74,86617.34,87878.14,86767.74,87670.14,88234.945,88988.55,89025.34,89999.74,89903.74,88606.14,87468.55,85031.74,85822.14,90137.34,88798.14
101188.55,101122.945,100799.74,100582.14,100329.34,100039.74,99642.945,99434.945,99266.945,92263.74,96983.74,97516.55,96978.945,96551.74,96470.14,95126.14,91350.14,93593.34,94313.34,89132.55,92462.14,95225.34,93897.34,86105.34,75671.74,67455.74,77802.945,89049.34,93094.14,89249.34,91319.74,91452.55,88460.55,82214.14,83972.55,91580.55,94348.55,89550.14,87969.34,84425.34,86330.945,87500.55,88151.74,88775.74,85023.74,86460.55,84743.74,86346.945,86260.55,89551.74,91690.945,90535.74,88260.55,88662.14,89910.14,88466.945,87242.945,88670.14,86094.14
100812.55,100746.945,100623.74,100364.55,99367.74,98564.55,98590.14,98777.34,98953.34,98846.14,97994.945,90593.34,94982.14,92706.945,93727.74,94049.34,91121.34,81327.74,68671.74,72726.14,80748.55,79911.74,83177.34,81257.34,71738.945,74204.55,73791.74,68399.74,67036.55,89422.14,98121.34,93942.14,95292.55,95817.34,91982.14,81980.55,80634.945,89242.945,85711.74,85670.14,86206.14,86463.74,84599.74,82951.74,86996.55,85026.945,83657.34,86828.55,88137.34,90417.34,88148.55,87734.14,88798.14,88594.945,89302.14,88642.945,87290.945,86153.34,85921.34
100668.55,100441.34,100074.945,99894.14,100303.74,99524.55,98210.945,98585.34,98266.945,98385.34,95754.945,83201.34,70583.74,72002.945,78985.34,71948.55,74601.34,68873.34,71222.14,64578.945,68577.34,58746.945,65946.945,81825.34,83348.55,85858.945,89255.74,81039.74,89559.74,85858.945,91817.34,91090.945,88289.34,89770.945,91454.14,89938.945,86022.14,78991.74,82436.55,84481.34,86559.74,90417.34,90569.34,89978.945,87815.74,87884.55,88089.34,90076.55,88366.14,86402.945,84793.34,85586.945,86516.55,84289.34,85033.34,84370.945,84711.74,84994.945,85751.74
100177.34,99980.55,99886.14,99452.55,98930.945,97614.14,99130.945,97890.945,98004.55,97986.945,97298.945,88156.55,90639.74,95774.14,90450.945,73076.55,69415.74,67305.34,66322.945,66986.945,77214.14,87561.34,89534.14,90199.74,90366.14,90617.34,90862.14,91031.74,91310.14,89892.55,89068.55,88487.74,91870.14,88889.34,86284.55,86871.74,82244.55,83042.945,81660.55,85166.14,84823.74,88102.14,89724.55,88124.55,85842.945,87137.34,86534.14,86033.34,88226.945,89495.74,89180.55,85329.34,81526.14,84047.74,84519.74,85614.14,86394.945,88089.34,93118.14
100196.55,99417.34,99060.55,98937.34,98882.945,98462.14,97156.55,95809.34,92916.55,94274.945,92070.14,85596.55,85908.55,77428.55,70857.34,65575.74,66350.14,79924.55,82855.74,85543.74,88863.74,89414.14,89462.14,89679.74,89953.34,90097.34,90321.34,90570.945,91052.55,91497.34,91817.34,91974.14,91822.14,89070.14,88954.945,87754.945,83706.945,80887.74,79350.14,82849.34,86977.34,85206.14,86778.945,86993.34,84108.55,86225.34,84826.945,89638.14,85754.945,87353.34,84956.55,86217.34,86958.14,84428.55,86186.945,88895.74,85903.74,94841.34,99550.14
100249.34,99798.14,99390.14,99004.55,98737.34,98514.945,97454.14,95879.74,89770.945,69447.74,70353.34,76922.945,71852.55,57511.742,57218.945,58812.543,62180.543,85911.74,88217.34,88428.55,88350.14,88418.945,88729.34,88785.34,88748.55,88854.14,88956.55,89140.55,90278.14,90999.74,81879.74,71546.945,68066.945,68206.14,71230.14,70518.14,67514.945,67806.14,63823.742,64879.742,63041.344,80138.945,78044.55,85548.55,85617.34,86662.14,86657.34,78910.14,88090.945,85727.74,86393.34,87122.945,89703.74,82212.55,86791.74,90129.34,96194.945,99900.55,100052.55
100026.945,99666.945,99118.14,98583.74,98514.945,98278.14,97975.74,94201.34,89833.34,91934.14,92126.14,85140.55,64476.543,64382.145,57980.543,61945.344,62774.145,69098.945,85570.945,87262.14,87500.55,87681.34,87764.55,87770.945,87479.74,87428.55,87092.55,85519.74,66534.14,61751.742,63126.145,67302.14,71814.14,73270.14,73586.945,73158.14,68604.55,60753.344,60390.145,60482.945,61174.145,64391.742,65292.543,73716.55,84353.34,84823.74,85908.55,88119.74,85350.14,86103.74,87983.74,89175.74,88158.14,86532.55,87022.14,94582.14,99495.74,99951.74,100063.74
81100.55,93473.34,98548.55,97518.14,95993.34,95985.34,97382.14,97471.74,97201.34,96583.74,94938.945,86254.14,74943.74,60199.742,58983.742,58620.543,57932.543,63423.742,67706.945,67881.34,77849.34,84879.74,86185.34,85665.34,84455.74,75702.14,60660.543,55524.543,59532.543,59284.543,59929.344,61767.742,60274.945,64313.344,71929.34,73678.14,73825.34,72815.74,71954.945,68462.14,65522.945,69577.34,68818.945,70254.14,72185.34,80262.14,82346.945,84743.74,84218.945,84759.74,86266.945,89510.14,86305.34,88212.55,88241.34,93271.74,99743.74,99854.14,99998.14
