demo/data/weather/current/current-total_precipitable_water-surface-level-gfs-1.0.json
{"header": {"discipline":0,"disciplineName":"Meteorological products","gribEdition":2,"gribLength":98339,"center":7,"centerName":"US National Weather Service - NCEP(WMC)","subcenter":0,"refTime":"2023-06-08T06:00:00.000Z","significanceOfRT":0,"significanceOfRTName":"Analysis","productStatus":0,"productStatusName":"Operational products","productType":0,"productTypeName":"Analysis products","productDefinitionTemplate":0,"productDefinitionTemplateName":"Analysis\/forecast at horizontal level\/layer at a point in time","parameterCategory":1,"parameterCategoryName":"Moisture","parameterNumber":3,"parameterNumberName":"Precipitable_water","parameterUnit":"kg.m-2","genProcessType":0,"genProcessTypeName":"Analysis","forecastTime":0,"surface1Type":200,"surface1TypeName":"Entire atmosphere layer","surface1Value":0,"surface2Type":255,"surface2TypeName":"Missing","surface2Value":0,"gridDefinitionTemplate":0,"gridDefinitionTemplateName":"Latitude_Longitude","numberPoints":65160,"shape":6,"shapeName":"Earth spherical with radius of 6,371,229.0 m","gridUnits":"degrees","resolution":48,"winds":"true","scanMode":0,"nx":360,"ny":181,"basicAngle":0,"lo1":0,"la1":90,"lo2":359,"la2":-90,"dx":1,"dy":1}, "data":
[rows 81 to 107 of 181, columns 122 to 182 of 360]
59.28927,58.93567,56.13567,55.09567,54.73407,58.33247,59.81727,62.69407,63.66687,64.36447,61.59807,59.743668,60.479668,60.22527,59.951668,59.215668,59.13567,59.74527,61.417267,65.51327,66.99327,63.47487,62.35647,61.993267,61.145267,61.164467,60.00287,60.65247,64.36767,63.650867,64.48127,63.96447,64.697266,66.927666,67.10367,65.89887,63.996468,64.29887,64.16127,64.60287,64.33087,62.55167,62.07167,60.75647,61.72607,57.07167,58.57567,54.80447,54.11327,54.01247,51.918068,46.993267,45.617268,45.29247,46.03647,40.05727,40.68607,41.63007,43.401268,44.263668,45.97247
60.43647,52.937267,51.60927,48.37887,62.122868,58.81887,61.810867,62.881268,61.70527,59.63007,59.844467,60.156467,59.762867,60.23647,59.96767,56.97727,58.50367,57.810867,61.09247,65.76287,64.820465,64.585266,65.06367,62.137268,59.28447,60.23647,61.457268,62.38527,62.40287,64.63487,66.46847,65.64927,63.57087,64.894066,66.545265,63.79807,61.24767,62.68927,64.61247,64.08767,63.96447,64.06047,64.321266,58.09407,60.54367,56.654068,57.21887,58.985268,61.43647,59.524467,51.06047,48.751667,49.13567,48.61087,45.594868,44.01727,42.226868,42.401268,45.68127,50.61247,51.479668
53.67167,57.54207,56.45567,60.13567,56.93247,59.06207,60.62207,59.42527,56.77247,58.26207,60.51487,60.92767,59.17727,59.97887,58.561268,57.446068,57.108467,56.46207,58.282867,58.30367,61.654068,63.04607,61.007668,57.54207,58.32927,60.038067,65.97727,62.02847,60.12447,64.55007,62.83167,62.625267,65.102066,62.06527,61.51967,61.96607,63.361267,61.63487,64.11007,62.92287,61.71487,61.044468,63.24287,58.55487,58.985268,59.66687,60.79647,59.67487,60.11327,57.81887,57.76767,56.77887,47.06527,42.54367,42.71487,43.13567,44.00127,44.56767,48.026867,50.68927,55.30687
56.687668,56.524467,56.970867,50.50687,57.85727,56.74527,60.34847,53.86207,55.758068,57.510067,58.90847,59.316467,58.61247,58.69247,58.446068,55.639668,56.33567,56.95007,55.93247,54.78687,53.08447,53.70047,54.85247,56.20607,57.95007,63.066868,62.83487,60.39967,63.72607,63.836468,64.77247,63.914867,64.11007,61.89407,62.383667,63.631668,60.45087,61.74207,63.04927,62.32127,62.44767,63.24767,62.95007,60.479668,59.134068,59.63807,58.226868,60.36767,59.32287,53.758068,55.10687,57.90207,55.38047,44.866867,42.338867,46.799667,48.01407,48.71647,48.20607,52.26687,54.108467
57.31167,56.04927,56.32127,55.43327,56.43007,58.75967,53.394867,53.538868,55.32287,57.37887,56.614067,55.05887,56.33567,57.58687,57.64607,56.810867,55.73087,56.212467,53.64447,53.49247,52.08447,52.63327,53.18367,54.409267,60.884468,63.654068,62.43647,61.23007,61.53727,62.911667,64.039665,63.97887,64.04927,62.09567,61.70047,62.09247,61.089268,61.59807,62.687668,62.57087,60.527668,61.21087,62.90207,65.11007,64.81887,62.751667,58.457268,59.10207,57.54527,52.706867,54.97727,54.82047,51.583668,53.12927,50.148468,51.73087,51.40287,52.18047,51.257267,49.34527,49.662067
58.26687,57.364468,55.52287,54.58207,54.479668,51.09087,50.78687,57.31167,56.39647,56.77887,55.04287,53.572468,55.06847,57.639668,56.41887,54.030067,54.06207,53.05087,54.527668,53.62687,53.38527,52.026867,53.119667,58.54207,64.37567,63.20927,62.52287,64.775665,61.92447,63.61247,65.84447,64.04927,62.223667,62.390068,63.40287,61.36287,60.35487,60.79487,61.282867,60.75327,60.94367,62.15007,58.74847,62.732468,63.01247,63.951668,61.04927,56.46687,56.88767,58.73567,59.546867,58.64927,59.086067,59.14047,55.31007,55.583668,54.193268,55.409267,55.81727,53.246067,50.215668
57.09887,55.75327,55.134068,54.929268,46.45887,47.951668,53.57087,58.23647,58.96127,55.59647,55.15487,56.35487,57.73887,56.30687,54.54047,53.970867,53.58847,52.729267,53.99967,52.80447,52.34687,54.274868,58.17407,59.67487,61.89727,63.97887,61.98687,62.66847,62.32287,64.860466,65.25087,63.490868,61.41887,62.58687,62.03647,61.47167,58.361267,59.71647,60.19807,58.409267,57.294067,59.81727,58.985268,60.73407,62.65247,63.684467,60.07327,60.319668,64.65567,62.12447,61.695667,61.647667,61.67167,61.41567,59.42687,59.27647,59.68927,59.628468,60.31167,58.122868,55.37087
53.178867,49.167667,51.799667,47.911667,43.892467,47.62047,54.521267,55.15007,57.47167,56.04607,58.10207,56.55327,56.164467,56.85247,56.137268,54.14687,54.22527,54.24287,54.90207,54.69727,54.535667,57.658867,61.42847,61.02047,62.658867,61.729267,61.02527,60.87167,62.57567,63.63327,63.12767,62.74687,61.09567,61.546867,60.145267,59.50687,59.937267,60.70047,59.62367,60.28127,57.375668,59.32447,59.37727,61.662067,59.033268,60.17567,58.67807,61.08447,63.353268,62.79007,63.434868,63.38047,63.70047,62.47007,62.15007,61.61087,62.063667,60.51807,61.41567,60.754868,59.06047
47.137268,47.34687,48.32447,42.41407,48.535667,51.892467,53.698868,53.25407,54.28127,55.05727,55.86207,55.271667,54.51967,54.07327,52.56607,52.14047,52.026867,51.95807,53.54207,55.498867,57.639668,61.22847,61.38527,61.45247,61.93887,60.546867,60.911667,61.95487,61.23967,61.94367,62.48607,61.18367,60.87487,60.134068,58.77247,59.836468,62.122868,61.119667,60.662067,58.802868,59.43007,57.31327,58.14687,57.49727,60.156467,57.401268,57.28127,59.77887,63.398067,61.61887,61.78367,63.134068,61.53727,62.20767,63.15807,62.041267,58.17567,59.37887,59.05407,57.51967,58.79807
47.476467,42.45087,43.833267,44.774067,48.50367,53.412468,55.53727,53.88767,53.122868,54.79807,52.86047,53.90527,52.49727,49.903667,48.420467,49.572468,51.50687,51.36927,53.30047,56.911667,59.88287,61.11007,62.465267,60.65727,58.25087,59.546867,61.223667,61.41087,61.17727,62.10527,62.45087,61.25567,58.30687,58.45887,56.68607,58.57887,61.27647,60.52607,58.73407,57.85247,56.884468,54.39647,54.15167,56.390068,54.594868,58.06207,57.49247,56.77567,58.602867,61.67167,60.81247,58.94687,55.56767,58.777267,61.12127,59.07007,55.72607,56.12767,55.60767,54.72287,54.61567
42.212467,44.12927,46.54367,49.122868,52.111668,54.48607,54.055668,54.48127,54.14367,56.22847,54.45567,43.37087,47.92287,50.695667,50.04927,49.122868,50.390068,51.204468,52.572468,56.27327,59.25887,59.64607,58.12607,57.833267,57.24767,57.55167,61.479668,61.52607,61.97247,63.260468,63.639668,60.751667,59.12607,58.48127,57.47167,58.985268,59.41567,59.22847,56.142067,53.25567,53.19967,52.59647,50.46687,50.70527,50.87967,53.29887,55.406067,53.498867,53.48127,58.215668,58.21087,57.513268,54.67007,54.39647,57.502068,57.74207,51.513268,50.66687,52.044468,49.406067,48.89407
43.38207,48.43327,50.90847,50.12447,53.25887,57.010868,54.81887,54.34847,55.68927,54.99007,57.83967,55.76127,49.70527,51.02047,49.21727,50.17247,50.99967,51.743668,52.67807,52.182068,55.476467,57.40767,55.524467,55.361267,53.95647,51.69727,54.993267,57.09087,60.91647,62.52927,63.729267,63.996468,61.19967,59.814068,56.68127,53.847668,54.718067,56.98847,55.49727,54.594868,54.353268,53.758068,53.22527,51.22847,48.743668,52.36927,51.71487,48.44447,53.294067,52.409267,56.71487,53.48927,52.55647,54.82047,55.50367,55.07327,50.89407,48.69247,47.41887,50.35967,48.13567
38.766068,52.13567,52.487667,53.86207,52.870068,56.52927,58.75327,49.87327,58.87327,56.274868,56.61887,56.79807,51.142067,53.502068,52.19967,45.07167,46.05087,48.25247,45.77087,50.02047,53.16927,55.06847,53.66367,52.09567,52.70047,49.948467,50.83807,53.87327,56.948467,61.46687,63.038067,63.40447,61.580467,61.21087,57.51967,54.90207,54.10207,55.918068,56.18527,55.69727,52.423668,55.476467,55.47007,53.01727,49.754868,45.31007,43.93567,43.732468,43.46687,47.82687,53.47807,53.401268,51.09087,52.32927,51.962868,51.76127,48.074867,48.268467,44.90207,50.49727,47.43647
50.44927,52.91647,53.91967,56.40447,57.386868,56.34047,58.22527,56.167667,55.94687,56.65567,57.810867,47.17247,56.940468,57.538868,32.50847,20.186869,19.553268,26.76607,41.319668,49.30207,51.54367,55.330868,54.153267,52.94367,53.900467,52.791668,53.56767,55.15807,56.044468,56.43967,61.297268,57.68287,61.647667,60.60447,59.47167,56.48607,54.61247,52.54847,52.68127,50.66847,53.97247,54.25407,53.28927,53.282867,50.08447,47.22047,47.238068,41.83807,41.55487,43.84127,49.327667,49.974068,48.13567,49.74847,50.57727,49.119667,48.77567,48.42527,46.665268,46.05727,45.39167
52.970867,50.65727,54.28447,59.350067,58.10367,54.63807,58.35487,56.911667,57.31167,56.85247,57.446068,56.16927,56.27007,58.010868,59.63327,57.15167,60.44447,56.96127,52.74687,29.84767,36.45567,37.02847,43.63327,57.50847,58.19807,59.49247,59.996468,57.36607,59.47807,58.38047,54.42207,59.24127,60.18527,57.75967,56.70207,55.17247,52.99167,52.156467,53.76447,49.20287,50.92127,54.42847,51.87167,50.64927,52.48927,50.47327,48.35487,44.62367,43.75007,39.602867,46.170868,44.01247,47.45887,47.16287,45.28127,47.02847,44.018867,45.47327,44.19167,40.24287,37.86847
49.881268,52.412468,52.487667,57.089268,59.14687,57.398067,57.271667,58.49247,57.48287,55.27807,56.83487,58.31487,61.13887,59.37087,59.35487,60.02367,57.740467,56.249268,58.62687,57.67167,55.96447,33.985268,27.082869,29.567669,44.532467,46.631668,62.14687,61.914867,53.55167,58.85087,60.50047,58.12127,55.88607,46.76767,53.246067,50.327667,53.007668,48.44767,48.27007,50.66367,45.889267,45.58847,50.39327,51.018867,50.09247,51.73567,53.42527,50.43327,45.04927,43.766068,44.43007,43.54207,43.766068,40.25087,42.03967,40.40287,40.83167,43.80927,41.606068,43.59327,42.847668
48.42207,51.89087,52.71487,56.390068,58.769268,59.08287,59.95487,59.57887,56.90207,57.76447,57.46207,57.535667,58.21407,60.94367,59.190067,58.47807,58.41087,59.55167,60.87647,60.178867,60.74207,63.18847,61.07647,58.98367,32.33247,56.95647,63.85727,64.10847,62.55487,62.58687,64.80127,60.16927,56.69247,54.81887,52.93247,52.81727,51.297268,52.412468,48.81887,48.550068,47.487667,46.92287,45.274868,49.99967,49.94687,49.62687,53.74847,53.42687,50.74847,45.82687,44.833267,43.628468,41.71967,39.43647,40.20767,38.67487,42.84127,43.07967,46.342068,46.26527,45.34847
44.780468,49.76447,51.01247,55.04607,55.625267,58.810867,61.13887,62.79327,62.94207,61.31807,61.48447,59.99487,61.729267,60.01247,61.122868,59.71967,62.431667,60.75007,61.93247,61.52287,63.40767,62.08287,61.41887,60.249268,63.99807,28.194868,62.83487,62.46687,62.446068,65.83007,62.17567,62.055668,60.870068,57.96767,56.74527,52.77567,54.71967,57.00607,53.68607,49.70207,43.50687,46.94207,46.866867,43.60127,44.80127,49.90527,50.83167,51.09567,53.406067,52.350067,46.271667,41.95007,41.08767,38.055668,38.628468,40.29567,43.54367,43.79007,46.066868,47.12127,47.12927
42.918068,45.33247,50.33407,51.37087,56.16287,60.05727,61.25567,63.130867,64.21727,62.47007,62.97727,61.30687,61.38527,59.56767,56.889267,55.201267,54.50847,53.156467,53.69087,54.72607,54.442867,55.089268,55.87487,57.58527,60.108467,61.15167,46.970867,59.68127,60.47327,60.53087,62.05887,58.078068,55.25247,58.164467,59.13567,62.769268,63.52607,56.82367,57.81727,52.319668,54.342068,48.431667,43.83007,44.61087,43.74207,43.53087,44.64447,48.79007,49.63807,50.63807,50.90207,47.65247,42.34367,39.91967,37.93247,38.10527,40.96607,42.75967,45.87487,48.372467,48.13887
38.974068,44.409267,44.15167,52.50527,53.51967,56.316467,58.23647,60.940468,60.70847,61.122868,61.08767,61.72607,61.193268,57.330868,53.96927,51.59967,50.53407,50.34687,49.33567,49.19487,50.10687,50.43647,52.68607,54.66047,57.647667,57.308468,59.442867,52.85087,58.62047,54.53727,52.476467,51.71327,50.401268,51.05087,52.687668,52.12767,53.88607,55.48607,58.05887,58.23167,56.72767,53.654068,52.92447,48.308468,45.164467,47.12447,44.67807,43.96447,47.56607,47.36767,48.926067,48.985268,46.94207,44.63487,40.68927,43.294067,42.319668,44.96767,44.64927,47.687668,48.99487
34.892467,40.078068,44.513268,45.51967,47.39327,49.108467,50.791668,54.18847,54.617268,57.026867,55.774067,54.19807,51.79807,52.305267,51.31327,49.159668,47.27007,42.48287,41.330868,42.65567,43.23007,45.521267,48.13567,51.34367,54.75007,53.76767,54.15167,53.12447,50.844467,45.61567,43.636467,43.63327,42.15167,42.31007,41.878067,46.09407,48.06847,51.47167,52.84287,53.052467,53.617268,53.86047,52.73567,53.119667,51.074867,48.35807,47.09567,46.676468,44.25407,46.41087,47.03487,49.37407,49.516468,46.895668,44.561268,43.215668,43.23647,41.19967,45.30687,45.22047,48.48607
29.644468,35.27647,37.204468,38.46047,38.375668,42.53087,46.510067,46.17727,45.68607,47.89407,51.30207,51.442867,53.12767,51.583668,49.07967,46.937267,44.65247,41.26527,37.14367,40.55967,41.769268,40.535667,39.15487,41.79007,45.97887,47.401268,46.33567,44.47007,40.92127,37.85407,33.81727,34.15807,35.53407,34.142067,32.122868,33.423668,36.81247,40.47807,43.521267,46.42847,48.51807,48.43967,49.21087,51.60927,52.94367,51.66047,51.23167,44.99007,45.77087,44.73567,43.86527,47.498867,50.40447,51.721268,50.71167,49.25407,46.56607,42.918068,43.822067,43.446068,46.602867
27.550068,30.002869,31.196468,31.542068,33.297268,37.76127,41.100468,41.86367,43.911667,42.628468,44.650867,43.83967,42.42847,43.89087,42.777267,44.27807,40.40767,38.25247,38.47487,38.81567,38.982067,35.09567,36.762867,36.99007,36.78207,33.98847,32.71967,29.401268,27.43327,26.991669,26.172468,25.839668,26.57087,28.946869,28.882868,28.566069,28.678068,30.38527,31.702068,34.94367,38.59807,40.63807,44.19487,46.59967,47.774067,49.19647,50.46207,51.406067,49.606068,46.79807,46.07647,46.498867,46.72287,50.08447,52.03647,51.44767,50.65567,49.56607,45.28447,43.72447,45.201267
28.550068,27.45567,29.11167,27.370869,29.716469,34.72607,38.822067,40.80927,38.698868,39.465267,37.974068,39.95007,42.372467,39.98047,40.58687,36.63487,37.95647,35.527668,33.60447,35.05887,36.156467,34.31807,35.434868,33.09247,32.24127,29.297268,27.39807,28.98527,22.89407,21.745268,22.308468,23.703669,24.370869,27.03167,28.382069,30.254068,30.402868,30.370869,29.322868,28.73087,29.874868,33.201267,34.82687,38.12927,42.417267,43.71967,45.77567,46.825268,48.87487,50.03487,49.81887,48.561268,49.364468,50.52927,50.01407,53.23647,53.98047,51.93567,51.45887,48.25247,46.14367
29.647669,27.87967,25.815668,24.658869,20.97407,25.44287,31.83327,37.12767,35.985268,34.09567,35.17727,34.25087,35.57407,34.84287,34.906868,35.79807,33.72767,30.20127,29.289268,29.826868,30.871668,29.150068,29.196468,25.756468,27.298868,28.130869,32.338867,27.35167,23.460468,23.094069,21.378868,21.89407,21.96127,23.751669,25.476469,28.630068,29.73247,30.102068,27.092468,25.081268,25.196468,26.44287,28.28287,30.82367,33.37087,35.69727,37.10367,40.729267,44.71167,45.73727,48.36607,47.260468,51.44767,51.29247,52.82047,53.89887,54.74527,55.17727,55.409267,53.77887,50.617268
30.070068,28.518068,25.39807,23.826868,20.96287,21.620468,23.623669,26.198069,28.636469,34.64127,32.57567,31.969269,30.942068,31.620468,34.375668,31.98367,31.24767,29.220469,26.289268,26.47967,28.44447,24.945269,22.34207,23.40767,28.758068,24.64927,27.159668,28.438068,22.004469,23.26047,24.38847,20.391668,20.975668,22.290869,23.367668,23.802868,25.762869,26.78847,26.289268,24.44287,22.966068,22.815668,23.265268,24.106869,25.761269,29.612469,32.42207,32.14367,34.37727,37.29887,39.32607,40.97567,42.67167,43.769268,48.23647,55.03167,52.31327,54.40767,55.12447,56.44447,54.11647
31.578869,29.174068,28.97247,24.289268,23.60607,23.015669,21.87967,24.367668,23.310068,26.476469,26.231668,31.009268,30.140469,30.012468,30.452469,28.90367,30.850868,29.174068,27.37567,26.863668,25.28127,23.252468,21.00607,20.266869,26.751669,22.14687,21.802868,21.71007,22.436468,25.53567,26.561268,24.050869,23.370869,21.87007,24.678068,23.222069,22.446068,22.553268,22.550068,22.01727,22.74367,21.50207,21.372469,20.55967,20.16927,20.84447,23.510069,24.354868,25.19167,26.817268,30.76767,35.48447,38.71487,38.96607,41.77567,47.91007,53.86367,52.67807,52.95807,55.43327,55.201267
