demo/data/weather/current/current-temp-surface-level-gfs-1.0.json
{"header": {"discipline":0,"disciplineName":"Meteorological products","gribEdition":2,"gribLength":72212,"center":7,"centerName":"US National Weather Service - NCEP(WMC)","subcenter":0,"refTime":"2023-06-08T06:00:00.000Z","significanceOfRT":1,"significanceOfRTName":"Start of forecast","productStatus":0,"productStatusName":"Operational products","productType":1,"productTypeName":"Forecast products","productDefinitionTemplate":0,"productDefinitionTemplateName":"Analysis\/forecast at horizontal level\/layer at a point in time","parameterCategory":0,"parameterCategoryName":"Temperature","parameterNumber":0,"parameterNumberName":"Temperature","parameterUnit":"K","genProcessType":2,"genProcessTypeName":"Forecast","forecastTime":0,"surface1Type":100,"surface1TypeName":"Isobaric surface","surface1Value":100000,"surface2Type":255,"surface2TypeName":"Missing","surface2Value":0,"gridDefinitionTemplate":0,"gridDefinitionTemplateName":"Latitude_Longitude","numberPoints":65160,"shape":6,"shapeName":"Earth spherical with radius of 6,371,229.0 m","gridUnits":"degrees","resolution":48,"winds":"true","scanMode":0,"nx":360,"ny":181,"basicAngle":0,"lo1":0,"la1":90,"lo2":359,"la2":-90,"dx":1,"dy":1}, "data":
[rows 78 to 103 of 181, columns 0 to 59 of 360]
300.58463,300.68463,299.79462,301.66464,301.99463,300.06464,299.81464,301.30463,300.92462,300.94464,301.41464,300.32462,300.87463,301.93463,301.8546,301.28464,301.57462,301.42462,301.80463,302.40463,302.84464,303.44464,303.15463,303.41464,303.57462,303.62463,304.07462,305.22464,304.69464,305.39462,305.02463,304.40463,304.72464,304.17462,304.69464,304.17462,303.69464,304.09464,306.38464,307.99463,309.47464,309.00464,308.52463,308.36462,302.91464,302.70462,302.81464,304.00464,303.56464,303.90463,303.57462,302.76462,300.08463,299.91464,300.32462,300.62463,300.73462,300.78464,301.43463,301.98462
299.52463,297.07462,297.65463,299.33463,299.56464,298.89462,297.83463,298.26462,298.01462,299.81464,299.81464,299.19464,298.89462,298.79462,302.23462,300.33463,300.22464,299.89462,300.20462,301.42462,301.93463,302.01462,302.30463,302.04462,300.31464,298.70462,301.79462,305.53464,305.70462,304.52463,304.38464,304.26462,304.46463,301.61462,302.86462,301.64462,301.12463,305.18463,305.86462,305.94464,307.45462,308.87463,309.61462,309.36462,303.75464,305.24463,304.8546,308.15463,306.70462,307.93463,306.58463,307.89462,299.24463,299.69464,300.19464,300.24463,300.46463,300.90463,301.19464,301.14462
296.95462,296.36462,297.3546,297.70462,298.09464,297.23462,296.94464,297.72464,297.56464,299.44464,298.64462,298.01462,298.06464,297.65463,298.93463,298.92462,299.52463,299.62463,299.8546,300.51462,302.07462,301.00464,301.09464,299.64462,299.88464,300.61462,300.96463,304.15463,303.45462,302.1046,304.34464,304.98462,302.30463,302.03464,298.42462,300.87463,301.16464,304.07462,302.61462,306.30463,307.92462,307.30463,308.37463,307.18463,308.55463,306.09464,306.06464,304.56464,303.59464,304.52463,305.70462,303.22464,299.04462,299.80463,299.99463,299.96463,300.04462,300.54462,300.8546,301.1046
296.65463,296.23462,296.84464,296.94464,297.26462,297.40463,296.98462,297.48462,297.02463,297.76462,297.73462,297.21463,297.94464,297.47464,297.84464,297.96463,298.89462,299.45462,299.04462,299.56464,299.76462,300.43463,298.74463,297.53464,299.68463,299.76462,299.79462,303.26462,304.17462,300.89462,303.22464,305.05463,301.98462,301.41464,300.68463,302.53464,302.00464,301.19464,304.48462,305.48462,307.15463,305.20462,303.51462,303.58463,304.44464,305.45462,304.00464,304.23462,302.90463,302.24463,303.96463,298.62463,299.50464,299.97464,299.91464,299.78464,299.79462,300.14462,300.38464,300.78464
297.20462,297.07462,296.80463,296.56464,296.94464,296.76462,296.84464,295.98462,296.91464,297.03464,296.97464,296.87463,296.66464,297.12463,297.68463,297.88464,297.91464,298.09464,298.66464,298.21463,298.79462,299.6046,298.97464,298.49463,299.25464,299.72464,302.11462,302.59464,302.20462,302.30463,302.16464,304.14462,303.26462,302.87463,302.82462,300.47464,303.40463,302.37463,304.42462,305.14462,305.32462,304.84464,304.52463,304.37463,303.95462,304.22464,302.68463,302.14462,301.59464,302.3546,301.06464,299.21463,299.83463,299.99463,300.06464,299.90463,299.88464,300.32462,300.68463,300.71463
296.83463,296.09464,296.45462,296.22464,295.61462,294.82462,294.21463,295.82462,296.12463,296.62463,296.51462,298.03464,298.45462,297.82462,298.52463,298.89462,298.95462,298.31464,298.64462,298.58463,298.86462,297.92462,298.36462,298.3546,299.1046,298.91464,300.26462,301.83463,302.04462,302.32462,302.26462,303.47464,303.16464,301.54462,298.78464,302.54462,301.41464,302.92462,302.43463,304.21463,306.05463,303.29462,305.24463,304.18463,303.31464,303.07462,302.67462,301.80463,301.6046,301.89462,298.87463,299.59464,299.70462,299.92462,300.03464,300.13464,300.38464,300.75464,300.88464,301.01462
296.45462,297.92462,297.55463,297.40463,296.09464,294.93463,294.76462,296.16464,295.95462,295.18463,298.11462,297.68463,297.64462,297.42462,297.81464,298.49463,298.34464,299.09464,298.55463,298.73462,298.53464,298.17462,298.37463,298.07462,298.55463,299.27463,300.87463,299.74463,299.70462,301.53464,301.37463,301.22464,303.30463,304.37463,303.92462,303.30463,299.23462,299.45462,301.94464,300.94464,302.97464,303.14462,302.26462,303.51462,302.39462,301.65463,301.88464,301.32462,301.54462,299.91464,299.44464,299.68463,299.57462,299.91464,300.33463,300.3546,300.84464,300.91464,301.11462,301.18463
298.19464,297.89462,297.38464,297.81464,297.32462,294.95462,296.07462,295.79462,295.78464,296.70462,297.24463,296.70462,297.70462,297.24463,297.73462,297.88464,297.84464,298.17462,300.53464,298.54462,298.25464,298.61462,298.28464,298.20462,298.44464,299.47464,299.18463,298.94464,298.98462,299.83463,300.99463,300.96463,301.29462,305.01462,305.44464,304.39462,301.66464,304.82462,302.64462,302.53464,301.55463,301.91464,302.39462,301.86462,303.13464,302.04462,301.43463,301.26462,301.09464,299.32462,299.63464,299.75464,299.98462,300.06464,300.59464,300.99463,300.96463,300.95462,301.05463,301.04462
298.12463,298.07462,298.75464,298.86462,298.95462,298.1046,297.66464,297.95462,298.28464,298.52463,295.99463,296.72464,297.11462,297.08463,297.34464,297.43463,297.29462,297.86462,298.28464,298.28464,297.81464,298.02463,297.79462,298.08463,298.40463,298.41464,298.01462,298.41464,298.97464,299.74463,299.91464,299.97464,300.34464,303.55463,303.57462,304.74463,302.8546,302.94464,301.38464,299.91464,300.45462,301.79462,302.36462,301.46463,301.65463,302.01462,300.56464,301.01462,299.06464,299.40463,299.57462,299.98462,300.08463,300.44464,300.66464,300.95462,300.77463,300.75464,300.63464,300.41464
298.98462,299.06464,298.95462,298.98462,298.82462,299.17462,298.98462,299.1046,298.48462,298.94464,297.03464,297.28464,296.88464,297.09464,297.1046,297.52463,297.80463,298.83463,297.46463,298.01462,298.07462,297.78464,298.11462,298.66464,297.80463,297.95462,297.30463,298.41464,298.86462,299.29462,299.3546,299.77463,300.87463,302.27463,304.24463,304.39462,304.74463,302.03464,301.32462,300.53464,300.48462,300.94464,301.1046,300.08463,300.15463,300.82462,301.66464,298.65463,299.08463,299.22464,299.45462,299.74463,300.37463,300.20462,300.23462,300.43463,300.26462,300.29462,300.53464,300.52463
298.41464,298.28464,298.20462,298.43463,298.54462,298.41464,298.31464,298.3546,298.05463,298.29462,296.03464,296.8546,296.80463,296.74463,296.89462,296.88464,297.37463,296.82462,297.27463,298.21463,297.25464,297.25464,298.07462,298.1046,298.49463,298.12463,297.98462,298.54462,299.25464,300.44464,302.16464,301.45462,300.22464,301.93463,300.70462,303.46463,305.63464,302.31464,300.75464,300.65463,300.13464,300.30463,300.29462,300.25464,301.19464,300.06464,298.65463,298.66464,298.93463,299.14462,299.15463,299.47464,299.93463,300.08463,300.31464,300.20462,300.11462,300.65463,300.77463,300.78464
297.49463,297.51462,297.76462,297.93463,298.12463,297.98462,297.62463,297.37463,297.13464,297.30463,295.77463,297.3546,296.64462,296.89462,296.95462,297.03464,296.78464,297.52463,297.29462,297.65463,296.72464,297.80463,297.79462,297.40463,298.71463,298.46463,298.1046,298.54462,298.56464,299.86462,302.6046,302.61462,301.07462,298.95462,301.31464,301.71463,304.53464,303.38464,302.58463,300.90463,299.99463,299.83463,299.09464,299.81464,298.42462,298.38464,298.3546,298.27463,298.55463,298.8546,299.27463,299.31464,299.69464,299.71463,300.76462,300.15463,300.17462,300.46463,300.8546,300.79462
297.08463,297.27463,297.51462,297.38464,297.65463,297.73462,296.99463,296.84464,296.65463,296.74463,294.84464,295.91464,297.14462,296.51462,297.14462,296.95462,297.20462,297.65463,297.70462,298.26462,298.36462,298.31464,297.57462,298.94464,297.97464,298.64462,297.3546,298.98462,298.62463,300.90463,301.25464,301.44464,301.03464,304.90463,301.17462,302.23462,302.18463,302.68463,300.80463,300.67462,299.89462,299.66464,300.14462,298.86462,298.76462,298.80463,298.3546,298.20462,298.52463,298.67462,298.90463,299.37463,299.61462,300.05463,300.36462,300.20462,300.66464,300.76462,300.64462,300.39462
296.61462,296.67462,296.70462,296.98462,296.89462,296.97464,296.55463,296.27463,296.23462,295.91464,294.13464,295.95462,297.11462,296.90463,297.37463,298.17462,297.59464,296.13464,297.61462,298.59464,298.25464,298.49463,299.03464,298.82462,297.37463,299.42462,298.19464,297.47464,298.20462,300.79462,302.87463,301.30463,303.45462,303.59464,300.92462,300.76462,302.25464,300.98462,301.08463,300.62463,298.99463,299.03464,298.91464,298.88464,298.6046,298.3546,297.98462,298.32462,298.63464,298.72464,299.06464,299.09464,299.68463,299.76462,299.92462,300.11462,300.37463,300.14462,299.96463,300.18463
296.66464,296.80463,296.41464,296.48462,296.50464,296.52463,296.41464,296.30463,296.16464,296.26462,295.32462,295.6046,296.45462,297.09464,297.43463,298.33463,297.90463,297.40463,296.92462,297.55463,297.88464,298.23462,298.04462,297.44464,298.08463,298.97464,297.86462,297.98462,299.39462,301.94464,299.69464,300.79462,301.16464,301.38464,299.80463,302.6046,300.75464,300.32462,299.94464,300.47464,297.98462,298.76462,298.8546,298.79462,298.37463,298.20462,298.16464,298.72464,298.83463,298.86462,298.96463,299.13464,299.15463,299.52463,299.54462,299.71463,299.68463,299.56464,299.70462,300.34464
296.66464,296.6046,296.71463,296.51462,296.46463,296.44464,296.6046,296.56464,296.78464,297.02463,296.15463,295.83463,296.05463,295.91464,297.01462,298.05463,297.30463,297.21463,297.77463,297.47464,298.02463,298.04462,298.05463,297.76462,298.59464,300.33463,298.63464,298.17462,299.27463,301.8546,300.1046,300.12463,299.86462,299.96463,300.47464,300.25464,299.98462,299.89462,299.94464,300.16464,297.72464,298.46463,298.68463,298.62463,298.49463,298.42462,298.42462,299.00464,298.84464,298.92462,298.97464,299.39462,299.22464,299.53464,299.56464,299.70462,299.63464,299.46463,299.62463,299.81464
296.6046,296.64462,296.30463,296.20462,296.07462,297.15463,296.62463,296.80463,296.53464,296.67462,297.05463,296.24463,294.77463,296.07462,295.81464,295.81464,296.39462,296.87463,297.68463,297.62463,296.89462,297.27463,297.38464,298.90463,299.86462,300.80463,300.17462,300.26462,301.12463,302.72464,299.34464,299.40463,299.36462,299.64462,298.81464,302.45462,298.48462,299.34464,299.08463,299.67462,297.46463,298.31464,298.84464,298.73462,298.84464,298.84464,298.66464,298.74463,298.93463,299.02463,299.29462,299.08463,299.16464,299.32462,299.27463,299.37463,299.29462,299.39462,299.45462,299.48462
296.88464,296.02463,295.94464,295.70462,296.16464,296.52463,296.98462,297.12463,296.18463,296.47464,296.03464,296.48462,296.38464,295.6046,295.09464,295.70462,296.52463,296.99463,297.48462,298.23462,298.28464,298.75464,298.57462,299.27463,300.05463,301.28464,301.78464,300.75464,301.18463,302.45462,299.38464,298.54462,298.63464,300.28464,300.04462,299.89462,299.96463,299.12463,297.67462,297.84464,298.19464,298.63464,298.94464,298.83463,298.67462,298.69464,298.72464,298.76462,298.61462,298.75464,299.00464,298.98462,299.04462,298.88464,298.74463,298.81464,298.79462,298.96463,299.23462,299.34464
296.12463,296.14462,295.31464,295.81464,296.07462,296.25464,296.97464,296.84464,296.49463,295.91464,295.99463,296.03464,295.43463,293.93463,295.50464,296.21463,296.30463,297.07462,298.78464,299.6046,300.74463,299.65463,299.80463,300.45462,301.22464,301.59464,301.53464,300.28464,300.93463,300.98462,300.06464,298.78464,297.91464,299.77463,299.28464,299.30463,299.08463,297.26462,297.59464,294.95462,298.38464,298.92462,298.91464,298.72464,298.69464,298.52463,298.63464,298.46463,298.16464,298.18463,298.62463,298.89462,298.54462,298.36462,298.77463,298.98462,298.64462,298.68463,299.04462,299.20462
296.6046,295.81464,295.70462,295.57462,295.43463,295.74463,295.81464,295.95462,295.88464,295.68463,295.27463,295.57462,295.76462,294.89462,296.1046,296.80463,296.71463,297.24463,298.12463,299.74463,299.70462,300.94464,301.80463,301.21463,300.53464,302.73462,302.05463,300.52463,300.12463,302.34464,300.03464,298.54462,297.96463,299.81464,299.3546,299.41464,299.21463,297.21463,297.54462,297.26462,298.18463,298.41464,298.69464,298.69464,298.59464,298.41464,298.56464,298.37463,298.24463,298.21463,298.68463,298.84464,298.13464,298.38464,298.47464,298.40463,298.75464,298.77463,298.88464,298.87463
295.88464,295.54462,295.19464,295.50464,295.02463,294.72464,295.24463,295.62463,295.17462,295.28464,295.17462,295.38464,295.42462,294.06464,295.09464,296.37463,296.82462,296.36462,297.58463,299.69464,300.34464,301.07462,301.37463,300.84464,301.29462,302.27463,300.42462,301.16464,299.3546,298.8546,301.23462,301.50464,300.00464,299.03464,298.96463,300.08463,298.22464,296.11462,297.90463,296.3546,298.42462,298.33463,298.64462,298.72464,298.55463,298.33463,298.16464,297.96463,297.82462,298.15463,298.77463,298.84464,298.62463,298.48462,298.06464,298.19464,298.29462,298.54462,298.69464,298.58463
295.11462,295.23462,294.99463,294.86462,294.90463,294.32462,294.25464,294.16464,294.54462,295.00464,294.86462,294.75464,294.75464,294.16464,293.54462,296.16464,295.51462,297.77463,297.81464,299.09464,298.89462,300.75464,300.18463,299.88464,300.26462,301.76462,300.11462,302.20462,300.8546,298.29462,300.06464,300.11462,299.59464,300.33463,299.91464,298.31464,296.49463,296.8546,297.74463,296.93463,298.37463,298.48462,298.39462,298.49463,298.22464,298.07462,297.92462,297.47464,297.65463,298.01462,298.12463,298.13464,297.95462,298.49463,298.03464,298.03464,298.18463,298.14462,298.34464,298.51462
294.48462,294.18463,294.48462,294.36462,294.24463,294.23462,293.92462,293.92462,294.1046,294.74463,294.65463,294.91464,294.61462,294.96463,294.3546,295.78464,295.19464,294.93463,298.53464,296.26462,300.06464,299.68463,299.39462,298.17462,299.69464,300.99463,301.17462,298.58463,299.79462,299.28464,299.41464,297.58463,296.70462,297.04462,297.20462,298.21463,297.17462,298.49463,296.82462,297.45462,296.24463,298.94464,298.45462,298.38464,298.18463,298.12463,297.64462,297.68463,297.42462,297.24463,297.31464,297.48462,298.04462,298.18463,297.90463,298.04462,298.01462,297.96463,298.13464,298.42462
293.70462,293.43463,293.32462,293.45462,293.71463,293.42462,293.6046,293.59464,293.68463,294.37463,294.58463,294.09464,293.77463,295.42462,294.00464,295.07462,297.77463,296.39462,295.36462,295.40463,298.11462,298.31464,298.58463,298.50464,299.43463,300.51462,300.20462,298.05463,298.08463,297.62463,296.75464,297.89462,297.88464,295.1046,299.72464,299.06464,298.71463,298.27463,296.94464,296.65463,297.69464,298.96463,298.91464,298.05463,298.34464,298.17462,298.28464,297.94464,297.55463,297.56464,297.61462,297.49463,297.62463,297.83463,297.97464,297.87463,297.84464,297.80463,298.19464,298.40463
293.26462,293.38464,293.11462,293.12463,292.87463,292.84464,292.84464,292.80463,293.16464,293.61462,293.45462,293.26462,293.17462,293.17462,294.51462,298.11462,295.71463,297.48462,294.40463,295.68463,296.43463,295.86462,297.22464,297.23462,299.25464,298.71463,299.29462,298.12463,297.29462,297.07462,296.87463,298.86462,296.24463,298.92462,298.56464,298.06464,296.66464,297.69464,297.36462,297.43463,298.17462,298.66464,298.05463,298.75464,298.20462,298.30463,298.51462,298.63464,297.75464,297.76462,297.6046,297.78464,297.62463,297.42462,297.56464,297.59464,297.59464,297.84464,298.27463,298.36462
292.76462,293.08463,292.8546,293.1046,292.82462,292.27463,292.25464,292.45462,292.65463,292.93463,292.70462,292.34464,292.20462,292.53464,293.81464,297.12463,296.39462,295.26462,294.43463,295.27463,295.07462,295.84464,297.74463,296.45462,295.67462,297.12463,297.50464,297.23462,297.49463,297.46463,298.26462,298.54462,296.37463,297.70462,298.29462,299.32462,297.30463,296.75464,297.55463,298.03464,297.87463,298.62463,298.74463,298.99463,298.93463,298.6046,298.25464,298.72464,297.49463,299.07462,296.66464,297.1046,297.52463,297.44464,297.45462,297.07462,297.83463,297.96463,297.58463,297.87463
