demo/data/weather/current/current-mean_sea_level_pressure-isobaric-1000hPa-gfs-1.0.json
{"header": {"discipline":0,"disciplineName":"Meteorological products","gribEdition":2,"gribLength":74151,"center":7,"centerName":"US National Weather Service - NCEP(WMC)","subcenter":0,"refTime":"2023-06-08T06:00:00.000Z","significanceOfRT":1,"significanceOfRTName":"Start of forecast","productStatus":0,"productStatusName":"Operational products","productType":1,"productTypeName":"Forecast products","productDefinitionTemplate":0,"productDefinitionTemplateName":"Analysis\/forecast at horizontal level\/layer at a point in time","parameterCategory":3,"parameterCategoryName":"Mass","parameterNumber":0,"parameterNumberName":"Pressure","parameterUnit":"Pa","genProcessType":2,"genProcessTypeName":"Forecast","forecastTime":0,"surface1Type":1,"surface1TypeName":"Ground or water surface","surface1Value":0,"surface2Type":255,"surface2TypeName":"Missing","surface2Value":0,"gridDefinitionTemplate":0,"gridDefinitionTemplateName":"Latitude_Longitude","numberPoints":65160,"shape":6,"shapeName":"Earth spherical with radius of 6,371,229.0 m","gridUnits":"degrees","resolution":48,"winds":"true","scanMode":0,"nx":360,"ny":181,"basicAngle":0,"lo1":0,"la1":90,"lo2":359,"la2":-90,"dx":1,"dy":1}, "data":
[rows 81 to 107 of 181, columns 118 to 176 of 360]
99198.14,100818.945,100820.55,100810.945,100815.74,100422.14,100762.945,100055.74,97372.55,100697.34,100735.74,100732.55,100727.74,100724.55,100721.34,100743.74,100762.945,100777.34,100786.945,100802.945,100809.34,100810.945,100785.34,100746.945,100727.74,100719.74,100721.34,100705.34,100697.34,100713.34,100758.14,100778.945,100802.945,100828.55,100825.34,100834.945,100807.74,100790.14,100793.34,100774.14,100785.34,100798.14,100807.74,100801.34,100812.55,100806.14,100812.55,100815.74,100826.945,100836.55,100857.34,100849.34,100857.34,100866.945,100894.14,100897.34,100919.74,100934.14,100956.55
100830.14,100838.14,100834.945,100831.74,100823.74,95567.74,94535.74,90383.74,99450.945,100713.34,100745.34,100737.34,100746.945,100753.34,100756.55,100743.74,100770.945,100778.945,100807.74,100806.14,100810.945,100802.945,100785.34,100762.945,100730.945,100737.34,100730.945,100724.55,100716.55,100742.14,100786.945,100782.14,100801.34,100817.34,100815.74,100794.945,100785.34,100756.55,100777.34,100753.34,100748.55,100782.14,100786.945,100786.945,100774.14,100782.14,100786.945,100791.74,100815.74,100825.34,100836.55,100828.55,100825.34,100836.55,100862.14,100874.945,100879.74,100910.14,100918.14
100806.14,100830.14,100836.55,100839.74,97369.34,100817.34,99462.14,99070.14,99143.74,100742.14,100746.945,100754.945,100772.55,100782.14,100774.14,100794.945,100807.74,100807.74,100793.34,100801.34,100794.945,100793.34,100793.34,100770.945,100761.34,100767.74,100753.34,100751.74,100746.945,100772.55,100794.945,100801.34,100793.34,100791.74,100802.945,100782.14,100780.55,100767.74,100767.74,100754.945,100750.14,100746.945,100762.945,100762.945,100753.34,100766.14,100769.34,100794.945,100806.14,100798.14,100802.945,100796.55,100799.74,100810.945,100825.34,100839.74,100854.14,100852.55,100863.74
100702.14,100802.945,100846.14,99438.14,100838.14,100833.34,100823.74,95482.945,100742.14,100756.55,100767.74,100788.55,100798.14,100794.945,100785.34,100801.34,100804.55,100802.945,100798.14,100806.14,100804.55,100806.14,100785.34,100780.55,100764.55,100772.55,100762.945,100769.34,100772.55,100783.74,100791.74,100783.74,100793.34,100782.14,100801.34,100790.14,100778.945,100761.34,100759.74,100746.945,100754.945,100753.34,100758.14,100756.55,100746.945,100742.14,100730.945,100759.74,100761.34,100766.14,100786.945,100778.945,100767.74,100778.945,100804.55,100820.55,100822.14,100842.945,100844.55
97836.55,100665.34,100790.14,100844.55,100833.34,100828.55,100828.55,100812.55,100814.14,100796.55,100793.34,100786.945,100793.34,100782.14,100785.34,100790.14,100791.74,100796.55,100790.14,100804.55,100806.14,100798.14,100788.55,100791.74,100777.34,100777.34,100769.34,100785.34,100799.74,100828.55,100798.14,100770.945,100769.34,100769.34,100761.34,100769.34,100769.34,100775.74,100762.945,100761.34,100759.74,100758.14,100746.945,100729.34,100734.14,100740.55,100726.14,100761.34,100743.74,100726.14,100762.945,100751.74,100742.14,100756.55,100775.74,100802.945,100812.55,100820.55,100820.55
100783.74,100828.55,100841.34,100830.14,100823.74,100830.14,100834.945,100836.55,100823.74,100823.74,100823.74,100809.34,100801.34,100794.945,100788.55,100786.945,100791.74,100798.14,100788.55,100790.14,100794.945,100778.945,100798.14,100790.14,100790.14,100778.945,100767.74,100777.34,100786.945,100802.945,100769.34,100762.945,100767.74,100764.55,100762.945,100764.55,100778.945,100782.14,100767.74,100772.55,100761.34,100758.14,100746.945,100724.55,100737.34,100732.55,100738.945,100737.34,100734.14,100730.945,100735.74,100714.945,100718.14,100742.14,100777.34,100791.74,100807.74,100833.34,100817.34
100810.945,100831.74,100847.74,100828.55,100825.34,100822.14,100833.34,100836.55,100842.945,100841.34,100828.55,100825.34,100801.34,100790.14,100788.55,100786.945,100794.945,100788.55,100793.34,100794.945,100783.74,100785.34,100783.74,100788.55,100786.945,100774.14,100759.74,100753.34,100775.74,100777.34,100778.945,100769.34,100754.945,100759.74,100778.945,100774.14,100785.34,100791.74,100778.945,100769.34,100756.55,100759.74,100761.34,100754.945,100740.55,100734.14,100722.945,100719.74,100719.74,100713.34,100695.74,100700.55,100697.34,100727.74,100756.55,100785.34,100786.945,100794.945,100814.14
100753.34,100812.55,100817.34,100820.55,100822.14,100826.945,100842.945,100838.14,100868.55,100854.14,99945.34,100801.34,100818.945,100782.14,100786.945,100780.55,100777.34,100778.945,100778.945,100775.74,100777.34,100774.14,100788.55,100782.14,100775.74,100769.34,100753.34,100735.74,100758.14,100767.74,100756.55,100753.34,100750.14,100764.55,100774.14,100769.34,100777.34,100791.74,100788.55,100782.14,100758.14,100742.14,100761.34,100759.74,100745.34,100727.74,100716.55,100710.14,100710.14,100716.55,100694.14,100694.14,100697.34,100730.945,100740.55,100751.74,100770.945,100790.14,100774.14
100292.55,100428.55,100809.34,93270.14,95340.55,100753.34,100801.34,100521.34,100886.14,100874.945,98145.34,100802.945,100807.74,100790.14,100775.74,100783.74,100778.945,100761.34,100764.55,100767.74,100770.945,100762.945,100764.55,100759.74,100754.945,100766.14,100740.55,100750.14,100764.55,100772.55,100742.14,100753.34,100758.14,100767.74,100772.55,100767.74,100769.34,100778.945,100783.74,100785.34,100783.74,100766.14,100742.14,100751.74,100743.74,100734.14,100724.55,100713.34,100700.55,100694.14,100698.945,100705.34,100713.34,100719.74,100740.55,100756.55,100766.14,100770.945,100796.55
100858.945,100841.34,97983.74,100852.55,100854.14,100879.74,100929.34,100895.74,100900.55,100860.55,100746.945,100830.14,100794.945,100186.945,100788.55,100794.945,100780.55,100767.74,100759.74,100764.55,100754.945,100758.14,100753.34,100753.34,100751.74,100764.55,100764.55,100782.14,100764.55,100764.55,100764.55,100758.14,100756.55,100756.55,100753.34,100748.55,100754.945,100761.34,100772.55,100775.74,100774.14,100766.14,100746.945,100738.945,100738.945,100737.34,100727.74,100710.14,100702.14,100708.55,100700.55,100710.14,100713.34,100722.945,100718.14,100756.55,100772.55,100778.945,100799.74
100871.74,100854.14,93028.55,100820.55,97070.14,100870.14,100906.945,100894.14,100878.14,100874.945,100826.945,100833.34,100833.34,100082.945,98060.55,89233.34,96159.74,100622.14,99466.945,100750.14,100737.34,100735.74,100740.55,100761.34,100759.74,100766.14,100775.74,100783.74,100770.945,100772.55,100782.14,100754.945,100756.55,100751.74,100751.74,100748.55,100754.945,100754.945,100775.74,100775.74,100759.74,100758.14,100756.55,100746.945,100742.14,100738.945,100729.34,100716.55,100718.14,100716.55,100713.34,100718.14,100724.55,100721.34,100742.14,100762.945,100785.34,100786.945,100806.14
100886.14,100862.14,82993.34,95482.945,100940.55,100940.55,100930.945,100527.74,99822.14,100866.945,100833.34,100818.945,99961.34,100807.74,100689.34,100383.74,98519.74,100751.74,100737.34,100708.55,99823.74,100369.34,100742.14,100743.74,100758.14,100769.34,100780.55,100785.34,100780.55,99958.14,100777.34,100761.34,100750.14,100751.74,100743.74,100750.14,100746.945,100753.34,100774.14,100764.55,100762.945,100785.34,100774.14,100767.74,100750.14,100748.55,100745.34,100734.14,100724.55,100716.55,100727.74,100732.55,100742.14,100753.34,100777.34,100775.74,100778.945,100804.55,100802.945
100900.55,93223.74,91417.34,100644.55,94836.55,100956.55,100934.14,100895.74,100814.14,100823.74,100628.55,95865.34,100327.74,100798.14,100665.34,100074.945,97606.14,100734.14,100553.34,97732.55,99818.945,99378.945,96783.74,97466.945,100406.14,100762.945,100764.55,100775.74,100786.945,100780.55,100783.74,100764.55,100767.74,100745.34,100738.945,100759.74,100758.14,100761.34,100772.55,100778.945,100791.74,100772.55,100778.945,100769.34,100753.34,100767.74,100754.945,100746.945,100748.55,100743.74,100737.34,100746.945,100756.55,100767.74,100785.34,100790.14,100799.74,100809.34,100818.945
100937.34,100881.34,100604.55,100967.74,98838.14,100238.14,100948.55,100922.945,100892.55,100871.74,100846.14,100841.34,100831.74,100830.14,100825.34,93050.945,100668.55,98561.34,81642.945,69689.34,69930.945,77916.55,92801.34,99282.945,99980.55,100262.14,100186.945,100714.945,100772.55,100775.74,100786.945,100778.945,100774.14,100753.34,100761.34,99201.34,100766.14,100761.34,100775.74,100782.14,100788.55,100769.34,100769.34,100764.55,100764.55,100770.945,100769.34,100751.74,100756.55,100764.55,100766.14,100772.55,100783.74,100775.74,100783.74,100793.34,100814.14,100817.34,100826.945
100946.945,100914.945,95033.34,100978.945,100870.14,100127.74,100958.14,100930.945,100905.34,100876.55,100858.945,100841.34,100836.55,100825.34,100833.34,100839.74,100818.945,100809.34,100807.74,100794.945,100551.74,100422.14,97777.34,79068.55,84649.34,84825.34,91450.945,99713.34,100778.945,100758.14,100798.14,100774.14,100647.74,100746.945,98738.945,100796.55,100775.74,100767.74,100769.34,100777.34,100772.55,100769.34,100770.945,100772.55,100769.34,100780.55,100772.55,100772.55,100772.55,100782.14,100791.74,100796.55,100785.34,100794.945,100799.74,100806.14,100818.945,100825.34,100838.14
100978.945,100964.55,100977.34,100993.34,100985.34,100978.945,100940.55,100940.55,100921.34,100887.74,100876.55,100857.34,100866.945,100858.945,100857.34,100844.55,100846.14,100841.34,100831.74,100842.945,100844.55,100543.74,100310.14,100193.34,99295.74,81905.34,75116.55,78110.14,90004.55,90543.74,100874.945,100250.945,95945.34,98793.34,100831.74,100815.74,100796.55,92500.55,100769.34,100770.945,100775.74,100777.34,100778.945,100778.945,100777.34,100778.945,100785.34,100796.55,100802.945,100809.34,100818.945,100798.14,100812.55,100809.34,100823.74,100838.14,100847.74,100847.74,100844.55
101007.74,101006.14,101015.74,101002.945,100993.34,100986.945,100969.34,100945.34,100918.14,100916.55,100898.945,100886.14,100889.34,100879.74,100882.945,100874.945,100870.14,100884.55,100886.14,100874.945,100871.74,100694.14,100535.74,100503.74,100297.34,99662.14,97836.55,98194.945,79860.55,97094.14,100959.74,100921.34,100906.945,100878.14,100841.34,100825.34,100814.14,100785.34,100756.55,98271.74,100786.945,100788.55,100788.55,100799.74,100806.14,100806.14,100809.34,100810.945,100818.945,100831.74,100844.55,100841.34,100839.74,100842.945,100854.14,100863.74,100866.945,100865.34,100865.34
100905.34,101010.945,101022.14,100996.55,100982.14,100945.34,100946.945,100945.34,100167.74,100966.14,100938.945,100908.55,100918.14,100926.14,100919.74,100930.945,100919.74,100935.74,100934.14,100934.14,100834.945,100809.34,100758.14,100623.74,100674.945,100686.14,100884.55,100842.945,99878.14,75706.945,100873.34,100977.34,100921.34,100878.14,100887.74,100874.945,100847.74,100818.945,100812.55,98121.34,100799.74,99490.945,100801.34,100799.74,100818.945,100825.34,100834.945,100838.14,100842.945,100852.55,100857.34,100858.945,100876.55,100871.74,100870.14,100878.14,100887.74,100881.34,100878.14
101094.14,101098.945,101082.945,100487.74,101118.14,101058.945,100993.34,97519.74,99337.34,101068.55,100999.74,100975.74,100959.74,100961.34,100958.14,100970.945,100999.74,100988.55,100994.945,100978.945,100990.14,100988.55,100991.74,100868.55,100775.74,100692.55,100937.34,100905.34,100890.945,99087.74,90050.945,100298.945,100924.55,100942.14,100914.945,100858.945,100870.14,100844.55,100834.945,100833.34,100828.55,100794.945,100785.34,95860.55,100817.34,100833.34,100849.34,100850.945,100847.74,100847.74,100860.55,100870.14,100886.14,100892.55,100886.14,100886.14,100884.55,100890.945,100895.74
101140.55,101113.34,98510.14,101140.55,101108.55,101025.34,97762.945,101114.945,101102.14,101068.55,101039.74,101025.34,101007.74,101010.945,101009.34,101026.945,101036.55,101038.14,101033.34,101030.14,101031.74,101041.34,101031.74,101018.945,101033.34,101025.34,101004.55,100983.74,100972.55,100950.14,100287.74,95903.74,100596.55,99738.945,100969.34,100940.55,100922.945,100897.34,100890.945,100858.945,100849.34,100842.945,100844.55,100842.945,100849.34,100854.14,100862.14,100860.55,100863.74,100865.34,100871.74,100878.14,100887.74,100897.34,100895.74,100903.74,100905.34,100908.55,100910.14
101177.34,101177.34,101174.14,101166.14,101143.74,101090.945,101127.74,101122.945,101105.34,101092.55,101074.945,101062.14,101010.945,101030.14,101046.14,101068.55,101076.55,101092.55,101103.74,101098.945,101097.34,101102.14,101086.14,101044.55,101036.55,101097.34,101076.55,101082.945,101073.34,101062.14,101070.14,101049.34,101060.55,101055.74,101025.34,100980.55,100966.14,100951.74,100927.74,100906.945,100895.74,100874.945,100868.55,100863.74,100889.34,100878.14,100881.34,100878.14,100873.34,100879.74,100886.14,100894.14,100900.55,100903.74,100916.55,100918.14,100919.74,100929.34,100937.34
101215.74,101218.945,101204.55,101199.74,101185.34,101170.945,101164.55,101158.14,101130.945,101119.74,101103.74,101074.945,101036.55,101004.55,100990.14,100508.55,100758.14,101074.945,101108.55,101158.14,101150.14,101150.14,101129.34,101055.74,100863.74,100894.14,101174.14,101170.945,101162.945,101142.14,101130.945,101116.55,101105.34,101095.74,101070.14,101041.34,101009.34,100994.945,100966.14,100954.945,100938.945,100919.74,100908.55,100902.14,100900.55,100897.34,100914.945,100916.55,100902.14,100903.74,100911.74,100903.74,100914.945,100910.14,100921.34,100943.74,100951.74,100945.34,100948.55
101262.14,101257.34,101249.34,101228.55,101209.34,101196.55,101188.55,101178.945,101156.55,101138.945,101145.34,101087.74,101009.34,100111.74,100306.945,98431.74,97820.55,100353.34,100788.55,101204.55,101185.34,101186.945,101169.34,101084.55,100551.74,99130.945,101231.74,101223.74,101223.74,101202.945,101185.34,101159.74,101138.945,101134.14,101116.55,101089.34,101052.55,101047.74,101022.14,101006.14,100986.945,100966.14,100959.74,100958.14,100953.34,100946.945,100940.55,100942.14,100927.74,100942.14,100940.55,100935.74,100945.34,100950.14,100932.55,100906.945,100953.34,100970.945,100983.74
101313.34,101313.34,101290.945,101260.55,101228.55,101207.74,101204.55,101172.55,100982.14,100431.74,101167.74,101097.34,100612.55,100358.14,99257.34,97620.55,99278.14,99959.74,101153.34,101210.945,101199.74,101201.34,101185.34,101114.945,100534.14,99012.55,101222.14,101294.14,101286.14,101252.55,101228.55,101206.14,101185.34,101177.34,101156.55,101124.55,101111.74,101100.55,101070.14,101054.14,101046.14,101025.34,101020.55,101020.55,101020.55,101015.74,101007.74,100991.74,100983.74,100975.74,100990.14,100985.34,100978.945,100962.945,100966.14,100966.14,100988.55,100993.34,101014.14
101372.55,101356.55,101337.34,101306.945,101260.55,101230.14,101191.74,100934.14,97302.14,97670.14,99610.945,101020.55,99902.14,98548.55,98841.34,99092.55,100113.34,100761.34,101262.14,101255.74,101233.34,101228.55,101218.945,101161.34,100775.74,99580.55,100548.55,99511.74,101353.34,101321.34,101295.74,101270.14,101247.74,101230.14,101202.945,101190.14,101162.945,101143.74,101121.34,101113.34,101100.55,101086.14,101087.74,101082.945,101074.945,101066.945,101066.945,101050.945,101022.14,100916.55,100775.74,101036.55,101028.55,101014.14,101006.14,100990.14,101010.945,101026.945,101050.945
101426.945,101409.34,101377.34,101342.14,101295.74,101260.55,101167.74,98508.55,95452.55,97206.14,98404.55,99754.945,99796.55,99550.14,98470.14,98826.945,98799.74,99398.14,100330.945,101177.34,101258.945,101278.14,101258.945,101172.55,100778.945,100044.55,98351.74,96974.14,101415.74,101394.945,101377.34,101351.74,101335.74,101289.34,101260.55,101249.34,101228.55,101215.74,101201.34,101178.945,101166.14,101158.14,101158.14,101150.14,101140.55,101130.945,101137.34,101126.14,101097.34,101047.74,101030.14,101095.74,101082.945,101071.74,101050.945,101034.945,101018.945,101012.55,101009.34
101481.34,101466.945,101441.34,101402.945,101305.34,100614.14,100942.14,98476.55,97199.74,95722.945,96478.14,98908.55,97334.14,99180.55,98372.55,98426.945,98583.74,98178.945,99268.55,99180.55,100402.945,101244.55,101282.945,101174.14,100622.14,99690.945,98647.74,95180.55,101295.74,101454.14,101430.14,101422.14,101407.74,101383.74,101334.14,101340.55,101308.55,101279.74,101268.55,101266.945,101270.14,101257.34,101234.945,101209.34,101193.34,101188.55,101193.34,101186.945,101177.34,101158.14,101153.34,101148.55,101135.74,101129.34,101108.55,101094.14,101055.74,101028.55,101017.34
