demo/data/weather/current/current-temp-surface-level-gfs-1.0.json
{"header": {"discipline":0,"disciplineName":"Meteorological products","gribEdition":2,"gribLength":72212,"center":7,"centerName":"US National Weather Service - NCEP(WMC)","subcenter":0,"refTime":"2023-06-08T06:00:00.000Z","significanceOfRT":1,"significanceOfRTName":"Start of forecast","productStatus":0,"productStatusName":"Operational products","productType":1,"productTypeName":"Forecast products","productDefinitionTemplate":0,"productDefinitionTemplateName":"Analysis\/forecast at horizontal level\/layer at a point in time","parameterCategory":0,"parameterCategoryName":"Temperature","parameterNumber":0,"parameterNumberName":"Temperature","parameterUnit":"K","genProcessType":2,"genProcessTypeName":"Forecast","forecastTime":0,"surface1Type":100,"surface1TypeName":"Isobaric surface","surface1Value":100000,"surface2Type":255,"surface2TypeName":"Missing","surface2Value":0,"gridDefinitionTemplate":0,"gridDefinitionTemplateName":"Latitude_Longitude","numberPoints":65160,"shape":6,"shapeName":"Earth spherical with radius of 6,371,229.0 m","gridUnits":"degrees","resolution":48,"winds":"true","scanMode":0,"nx":360,"ny":181,"basicAngle":0,"lo1":0,"la1":90,"lo2":359,"la2":-90,"dx":1,"dy":1}, "data":
[rows 52 to 77 of 181, columns 60 to 119 of 360]
304.38464,307.55463,310.01462,311.17462,312.79462,313.48462,311.95462,311.65463,312.63464,311.67462,310.6046,301.33463,301.92462,301.3546,304.28464,302.79462,304.80463,310.15463,310.57462,310.20462,310.70462,311.15463,311.88464,311.78464,311.80463,311.28464,310.13464,304.36462,305.80463,306.90463,307.36462,309.1046,310.19464,311.33463,310.57462,310.49463,308.39462,307.47464,308.54462,305.58463,307.97464,307.13464,308.49463,310.95462,310.33463,309.6046,309.8546,308.51462,307.72464,308.26462,307.68463,307.23462,306.51462,306.77463,308.03464,308.87463,306.37463,305.31464,302.98462,297.54462
304.20462,305.57462,308.72464,310.92462,311.99463,312.29462,312.79462,312.81464,312.27463,311.8546,310.69464,308.11462,301.52463,301.99463,299.49463,300.13464,302.64462,302.69464,303.29462,306.82462,309.29462,309.80463,309.80463,309.80463,306.56464,298.24463,300.82462,305.68463,306.03464,307.22464,308.66464,307.51462,307.14462,310.27463,310.6046,310.6046,310.94464,310.88464,309.87463,308.09464,303.19464,307.80463,308.1046,308.3546,310.73462,310.43463,310.13464,309.27463,308.53464,308.25464,307.99463,306.26462,307.18463,307.09464,307.90463,307.89462,306.97464,306.02463,305.05463,302.41464
306.99463,305.91464,307.56464,310.16464,311.1046,311.65463,310.62463,310.81464,309.18463,310.57462,303.81464,302.36462,307.70462,302.04462,305.02463,300.70462,300.93463,300.44464,299.40463,299.48462,298.45462,297.68463,302.23462,300.66464,300.45462,301.06464,303.76462,306.16464,307.24463,306.94464,306.24463,306.29462,307.28464,308.32462,306.95462,307.40463,307.32462,307.59464,309.77463,305.73462,308.69464,309.01462,308.81464,309.13464,309.98462,310.43463,310.01462,311.02463,309.84464,308.87463,307.51462,305.74463,306.42462,307.62463,308.57462,307.23462,307.17462,306.22464,304.88464,304.73462
308.46463,307.93463,307.1046,306.55463,309.95462,308.17462,306.91464,306.24463,306.21463,309.80463,308.66464,308.77463,308.39462,308.21463,303.30463,301.46463,303.78464,302.38464,303.06464,301.57462,302.83463,304.29462,303.78464,300.99463,302.29462,304.02463,307.98462,309.77463,309.48462,305.58463,308.59464,310.05463,311.17462,310.75464,309.89462,309.8546,309.29462,310.11462,310.68463,307.56464,306.14462,305.99463,305.49463,307.22464,307.59464,309.14462,309.21463,310.37463,309.25464,307.79462,308.78464,308.76462,307.6046,308.31464,307.73462,307.83463,307.42462,307.8546,307.81464,308.18463
309.32462,308.62463,310.26462,309.75464,309.66464,309.46463,309.37463,309.04462,308.74463,309.48462,309.07462,309.73462,308.79462,308.72464,306.96463,305.03464,302.8546,303.66464,305.66464,304.1046,302.87463,304.06464,303.34464,305.80463,305.26462,309.17462,311.81464,310.95462,308.81464,309.04462,310.19464,308.20462,309.89462,310.32462,306.96463,308.1046,310.01462,307.94464,308.26462,309.21463,307.72464,304.28464,307.03464,307.96463,309.04462,308.86462,310.77463,310.37463,308.76462,306.02463,308.8546,306.57462,307.8546,307.58463,307.27463,307.74463,308.15463,307.28464,307.11462,307.28464
309.78464,309.93463,313.3546,313.92462,312.03464,313.37463,311.79462,310.74463,310.41464,310.47464,309.34464,310.30463,310.27463,309.88464,309.16464,308.1046,306.47464,302.22464,304.40463,305.40463,303.89462,303.13464,309.87463,310.98462,310.79462,313.33463,312.98462,314.51462,313.66464,314.33463,314.45462,311.56464,308.24463,308.86462,308.73462,309.68463,306.80463,309.20462,309.84464,308.84464,307.56464,304.52463,304.1046,301.80463,305.28464,308.86462,306.55463,304.64462,305.90463,306.16464,304.46463,308.50464,309.6046,308.16464,307.61462,307.40463,306.77463,306.92462,306.51462,305.76462
310.67462,309.92462,313.82462,314.99463,315.83463,315.78464,314.74463,314.30463,312.51462,310.14462,309.12463,310.57462,309.71463,310.79462,309.46463,309.37463,303.36462,307.3546,302.73462,306.26462,308.95462,311.02463,311.07462,310.31464,310.74463,314.53464,313.08463,315.16464,315.36462,315.82462,317.18463,315.20462,312.80463,315.34464,314.70462,313.76462,313.25464,315.21463,312.16464,309.04462,306.98462,305.14462,301.75464,299.39462,307.47464,305.75464,304.46463,303.02463,305.47464,306.79462,304.99463,307.46463,308.49463,306.20462,305.41464,305.27463,305.25464,305.80463,305.69464,305.98462
314.71463,314.15463,313.70462,313.92462,314.68463,315.91464,315.8546,312.59464,314.42462,311.78464,309.71463,310.96463,308.81464,310.30463,310.3546,310.67462,310.22464,308.89462,309.3546,302.28464,306.25464,308.42462,308.26462,308.8546,312.12463,312.67462,314.14462,315.64462,316.40463,316.62463,317.37463,315.41464,316.57462,312.47464,309.27463,312.93463,315.42462,317.04462,316.88464,314.67462,308.65463,302.25464,299.61462,302.27463,306.62463,305.84464,303.00464,302.42462,301.65463,301.08463,303.51462,307.08463,306.30463,304.23462,304.45462,304.20462,305.46463,305.00464,304.16464,303.93463
314.71463,313.50464,313.29462,313.69464,315.73462,315.54462,316.02463,313.30463,311.70462,311.72464,310.88464,311.95462,311.18463,310.57462,310.46463,311.63464,311.62463,311.08463,312.22464,310.89462,310.77463,303.09464,304.19464,309.57462,310.33463,310.88464,312.52463,313.64462,314.59464,315.05463,314.08463,315.71463,316.3546,311.83463,310.69464,310.95462,308.37463,314.70462,315.22464,316.22464,312.72464,306.25464,302.54462,304.65463,300.27463,297.6046,297.93463,299.98462,301.34464,305.62463,306.52463,307.66464,305.75464,304.80463,304.41464,303.87463,304.6046,304.14462,305.21463,303.18463
315.80463,314.13464,314.75464,316.72464,316.89462,316.96463,315.09464,313.37463,312.56464,310.55463,311.15463,312.45462,311.52463,311.11462,311.40463,310.67462,311.75464,312.1046,312.74463,313.52463,313.92462,312.56464,307.72464,306.70462,307.66464,309.02463,311.05463,312.6046,314.36462,315.46463,314.45462,314.45462,315.48462,313.04462,308.33463,312.37463,311.87463,309.88464,315.87463,314.74463,315.38464,309.88464,300.46463,299.59464,299.59464,297.21463,297.72464,299.93463,303.66464,304.19464,304.01462,306.03464,304.90463,304.52463,303.92462,302.54462,299.42462,296.93463,297.48462,297.89462
314.86462,314.62463,314.79462,313.32462,315.64462,316.28464,313.98462,313.84464,313.08463,311.98462,311.38464,311.12463,311.14462,311.83463,311.12463,311.83463,312.63464,311.98462,312.15463,313.29462,313.83463,313.75464,313.73462,313.71463,314.32462,313.57462,308.14462,303.28464,307.02463,308.94464,309.89462,308.52463,308.67462,306.79462,311.76462,311.80463,313.49463,312.6046,307.42462,310.36462,308.74463,303.33463,299.05463,299.53464,299.37463,298.3546,297.77463,298.48462,301.88464,305.26462,304.98462,306.22464,303.67462,303.93463,302.12463,302.13464,300.69464,299.50464,299.99463,299.32462
314.34464,313.54462,315.84464,316.04462,315.8546,315.38464,313.15463,312.74463,312.05463,310.19464,309.36462,309.97464,310.02463,310.30463,311.49463,311.95462,312.75464,313.00464,312.92462,313.31464,313.75464,313.56464,314.04462,314.28464,314.94464,315.41464,315.32462,312.68463,309.92462,310.37463,311.68463,310.88464,309.83463,311.65463,311.53464,312.24463,311.69464,311.77463,308.42462,310.83463,310.52463,303.18463,299.64462,300.26462,298.24463,298.58463,299.14462,300.43463,304.41464,302.37463,304.47464,303.17462,302.99463,298.94464,302.92462,301.73462,301.92462,300.8546,302.24463,302.17462
316.61462,314.59464,310.98462,309.36462,311.98462,308.59464,306.55463,307.62463,309.16464,308.82462,308.51462,308.51462,309.24463,309.6046,310.31464,312.54462,313.39462,313.3546,313.42462,313.78464,314.01462,313.94464,314.06464,314.54462,314.75464,315.31464,315.80463,315.14462,313.65463,312.68463,307.73462,308.98462,310.90463,309.05463,308.82462,307.41464,309.70462,306.61462,305.18463,309.47464,308.86462,308.47464,307.49463,302.99463,301.65463,298.6046,301.62463,301.88464,304.64462,303.39462,304.30463,304.61462,305.01462,301.72464,304.49463,306.86462,304.72464,304.34464,305.93463,306.55463
306.00464,304.90463,302.64462,301.94464,301.83463,301.78464,301.68463,304.31464,306.89462,307.20462,308.20462,307.42462,308.58463,310.02463,312.34464,312.76462,313.83463,313.45462,313.76462,314.11462,313.90463,314.00464,314.20462,314.29462,314.71463,315.38464,315.61462,315.79462,314.64462,313.33463,307.73462,305.53464,309.51462,310.6046,310.30463,310.07462,307.93463,308.72464,306.62463,311.14462,310.18463,310.98462,312.34464,307.44464,305.22464,304.3546,301.58463,302.49463,304.02463,304.69464,304.27463,304.27463,304.8546,302.88464,305.20462,304.67462,305.6046,306.16464,307.03464,301.23462
305.86462,302.80463,301.89462,301.72464,302.38464,301.56464,301.30463,301.31464,302.27463,303.68463,305.53464,304.90463,308.22464,308.61462,310.34464,311.16464,312.47464,313.28464,313.52463,313.67462,313.90463,314.31464,314.3546,311.76462,314.63464,314.43463,314.91464,315.41464,314.72464,309.28464,307.04462,306.79462,309.29462,308.96463,305.38464,307.23462,307.55463,304.75464,305.79462,308.04462,307.74463,308.15463,310.56464,308.17462,306.01462,304.23462,305.46463,304.32462,302.82462,300.64462,303.98462,303.32462,303.06464,304.69464,303.87463,304.37463,305.38464,304.68463,300.54462,300.47464
304.99463,301.74463,301.09464,301.49463,301.30463,301.14462,301.05463,301.01462,301.28464,302.74463,305.24463,307.78464,307.98462,309.22464,309.06464,309.97464,311.47464,312.73462,313.97464,314.11462,314.13464,313.95462,314.16464,314.29462,314.39462,314.69464,315.77463,315.58463,313.29462,308.48462,303.50464,303.3546,306.36462,305.45462,305.38464,306.67462,306.23462,303.37463,304.64462,308.13464,307.62463,308.91464,307.30463,306.75464,306.86462,307.33463,306.29462,304.52463,299.91464,300.94464,303.78464,304.75464,303.96463,305.25464,304.86462,304.93463,304.11462,301.76462,301.22464,300.95462
303.29462,301.66464,301.57462,301.23462,300.92462,300.89462,300.90463,301.20462,301.37463,301.50464,307.00464,307.70462,307.89462,306.20462,308.08463,309.54462,310.81464,312.32462,312.89462,314.16464,315.19464,314.43463,314.99463,314.83463,314.63464,315.53464,315.04462,314.82462,307.68463,304.06464,303.05463,302.40463,303.58463,305.28464,305.61462,307.38464,306.53464,304.94464,305.49463,306.25464,308.41464,309.66464,308.92462,305.78464,305.29462,306.39462,303.80463,303.99463,298.20462,299.02463,302.13464,303.34464,302.63464,302.87463,301.62463,301.19464,301.48462,301.67462,301.76462,301.66464
301.64462,301.89462,301.25464,301.14462,301.20462,301.21463,301.36462,301.30463,301.68463,301.62463,301.62463,307.21463,300.57462,304.13464,307.78464,309.58463,310.46463,312.40463,313.77463,314.75464,314.91464,314.91464,314.75464,315.00464,315.09464,315.74463,315.05463,302.95462,303.58463,302.6046,302.54462,300.19464,301.17462,303.66464,304.23462,305.99463,306.88464,305.22464,306.25464,305.69464,303.38464,304.01462,306.81464,305.81464,306.55463,307.86462,306.82462,304.25464,301.25464,300.74463,303.74463,301.97464,301.87463,301.77463,301.63464,301.66464,301.61462,301.57462,301.70462,301.62463
301.93463,301.6046,301.33463,301.29462,301.36462,301.34464,301.19464,301.99463,302.12463,301.81464,301.88464,301.92462,301.68463,307.78464,309.09464,310.6046,311.08463,310.65463,312.95462,314.49463,314.27463,314.51462,313.81464,311.27463,312.95462,313.25464,311.38464,302.88464,303.17462,303.00464,299.90463,299.11462,299.98462,301.91464,302.58463,305.22464,307.50464,303.52463,304.86462,303.38464,305.59464,308.26462,306.08463,307.95462,301.34464,306.00464,304.47464,302.59464,301.88464,301.65463,302.84464,302.91464,302.28464,302.03464,301.90463,302.12463,301.47464,301.96463,301.64462,301.61462
302.00464,301.76462,301.68463,301.50464,301.24463,301.45462,301.44464,301.86462,301.89462,302.08463,302.14462,302.38464,302.21463,302.73462,310.00464,311.36462,311.17462,312.6046,311.67462,313.80463,314.43463,313.83463,314.55463,312.52463,313.20462,303.39462,302.87463,302.68463,303.28464,303.12463,299.97464,297.67462,300.72464,301.66464,299.72464,302.97464,303.32462,302.3546,306.38464,303.8546,302.44464,304.8546,305.03464,307.38464,304.24463,305.08463,302.76462,302.14462,302.07462,305.68463,304.77463,302.17462,302.18463,301.87463,302.24463,302.25464,301.65463,302.1046,302.04462,301.71463
302.00464,302.08463,302.02463,301.91464,301.73462,301.61462,302.66464,302.44464,302.43463,302.40463,302.38464,302.62463,302.56464,304.08463,309.47464,309.65463,310.62463,312.11462,312.42462,312.72464,314.07462,314.74463,311.89462,313.36462,302.90463,302.78464,302.52463,302.58463,302.70462,302.62463,301.18463,298.63464,299.08463,300.31464,300.95462,300.57462,302.84464,299.71463,301.04462,301.70462,304.80463,303.49463,304.41464,304.59464,304.99463,302.56464,309.38464,302.56464,302.32462,302.3546,302.22464,302.53464,302.40463,302.02463,302.39462,302.24463,301.90463,301.93463,302.26462,301.96463
302.12463,302.34464,302.29462,302.3546,301.88464,302.37463,302.69464,302.79462,302.69464,302.59464,302.55463,302.63464,302.38464,302.31464,308.50464,309.08463,310.17462,310.87463,311.55463,313.71463,313.79462,313.37463,312.88464,303.41464,302.78464,302.63464,302.41464,302.51462,300.45462,300.84464,301.13464,301.75464,301.82462,300.74463,300.84464,300.58463,303.37463,300.84464,300.3546,303.39462,302.13464,302.1046,303.73462,304.90463,303.89462,302.83463,301.78464,307.67462,301.74463,302.05463,302.47464,302.41464,302.13464,302.55463,302.52463,301.93463,302.12463,302.13464,302.04462,302.13464
302.14462,302.36462,302.51462,302.68463,302.19464,301.68463,300.72464,301.04462,302.00464,302.69464,302.45462,302.59464,302.48462,302.24463,307.11462,308.97464,309.47464,309.91464,310.34464,311.36462,313.55463,313.32462,305.72464,303.47464,302.66464,302.75464,302.86462,302.88464,302.92462,299.88464,301.53464,300.83463,301.29462,300.73462,300.74463,300.49463,301.18463,301.07462,300.05463,301.31464,305.15463,303.39462,304.49463,305.84464,303.58463,303.30463,301.95462,304.80463,306.07462,301.23462,302.48462,302.24463,301.93463,302.46463,302.09464,302.25464,302.30463,302.06464,302.16464,302.07462
302.62463,302.92462,302.62463,302.26462,301.52463,300.45462,303.48462,299.95462,300.77463,302.45462,301.71463,302.34464,302.58463,302.52463,302.70462,308.41464,308.58463,309.76462,308.01462,309.31464,311.28464,304.67462,304.09464,303.28464,302.63464,302.6046,302.78464,302.67462,302.51462,302.22464,300.29462,301.13464,299.88464,300.41464,301.42462,301.56464,301.76462,300.72464,300.29462,299.62463,301.99463,299.50464,305.07462,305.86462,304.83463,303.28464,300.97464,301.82462,304.84464,302.65463,301.68463,302.20462,302.28464,302.22464,301.76462,301.51462,301.94464,301.97464,301.95462,301.84464
302.04462,302.26462,302.1046,301.39462,300.31464,299.87463,299.72464,299.21463,300.39462,302.36462,302.45462,301.94464,302.47464,302.40463,302.02463,306.58463,307.92462,308.11462,309.33463,310.18463,312.02463,304.54462,303.72464,302.94464,302.34464,302.51462,302.79462,302.64462,302.37463,301.91464,301.54462,301.25464,300.75464,300.69464,301.32462,301.33463,301.44464,300.58463,300.87463,299.92462,300.63464,300.13464,300.34464,304.57462,305.79462,302.6046,302.6046,301.78464,301.16464,303.59464,302.53464,302.13464,302.24463,302.13464,301.36462,301.49463,301.57462,301.68463,301.76462,301.59464
302.46463,302.13464,301.71463,300.94464,301.02463,301.52463,300.88464,300.92462,301.74463,302.24463,302.50464,302.06464,302.08463,302.54462,302.44464,305.93463,306.42462,307.92462,308.15463,310.97464,310.55463,304.16464,303.24463,302.65463,302.39462,302.63464,302.42462,302.21463,301.88464,301.58463,301.13464,301.27463,300.86462,302.18463,300.71463,300.95462,300.73462,300.47464,300.26462,298.05463,300.22464,300.99463,302.15463,303.98462,302.50464,300.95462,303.11462,303.06464,302.04462,307.36462,302.32462,301.8546,301.38464,300.95462,301.59464,301.40463,301.52463,301.54462,301.57462,301.59464
