demo/data/weather/current/current-temp-surface-level-gfs-1.0.json
{"header": {"discipline":0,"disciplineName":"Meteorological products","gribEdition":2,"gribLength":72212,"center":7,"centerName":"US National Weather Service - NCEP(WMC)","subcenter":0,"refTime":"2023-06-08T06:00:00.000Z","significanceOfRT":1,"significanceOfRTName":"Start of forecast","productStatus":0,"productStatusName":"Operational products","productType":1,"productTypeName":"Forecast products","productDefinitionTemplate":0,"productDefinitionTemplateName":"Analysis\/forecast at horizontal level\/layer at a point in time","parameterCategory":0,"parameterCategoryName":"Temperature","parameterNumber":0,"parameterNumberName":"Temperature","parameterUnit":"K","genProcessType":2,"genProcessTypeName":"Forecast","forecastTime":0,"surface1Type":100,"surface1TypeName":"Isobaric surface","surface1Value":100000,"surface2Type":255,"surface2TypeName":"Missing","surface2Value":0,"gridDefinitionTemplate":0,"gridDefinitionTemplateName":"Latitude_Longitude","numberPoints":65160,"shape":6,"shapeName":"Earth spherical with radius of 6,371,229.0 m","gridUnits":"degrees","resolution":48,"winds":"true","scanMode":0,"nx":360,"ny":181,"basicAngle":0,"lo1":0,"la1":90,"lo2":359,"la2":-90,"dx":1,"dy":1}, "data":
[rows 0 to 25 of 181, columns 60 to 119 of 360]
271.17462,271.17462,271.17462,271.17462,271.17462,271.17462,271.17462,271.17462,271.17462,271.17462,271.17462,271.17462,271.17462,271.17462,271.17462,271.17462,271.17462,271.17462,271.17462,271.17462,271.17462,271.17462,271.17462,271.17462,271.17462,271.17462,271.17462,271.17462,271.17462,271.17462,271.17462,271.17462,271.17462,271.17462,271.17462,271.17462,271.17462,271.17462,271.17462,271.17462,271.17462,271.17462,271.17462,271.17462,271.17462,271.17462,271.17462,271.17462,271.17462,271.17462,271.17462,271.17462,271.17462,271.17462,271.17462,271.17462,271.17462,271.17462,271.17462,271.17462
270.41464,270.41464,270.40463,270.40463,270.39462,270.39462,270.39462,270.39462,270.39462,270.38464,270.37463,270.3546,270.34464,270.33463,270.31464,270.30463,270.29462,270.29462,270.30463,270.30463,270.31464,270.32462,270.32462,270.32462,270.32462,270.32462,270.31464,270.30463,270.29462,270.28464,270.28464,270.27463,270.27463,270.27463,270.27463,270.27463,270.27463,270.26462,270.26462,270.26462,270.27463,270.27463,270.28464,270.29462,270.29462,270.30463,270.31464,270.32462,270.33463,270.34464,270.3546,270.3546,270.36462,270.36462,270.37463,270.38464,270.40463,270.41464,270.42462,270.43463
270.52463,270.51462,270.49463,270.48462,270.46463,270.44464,270.43463,270.42462,270.42462,270.43463,270.45462,270.47464,270.49463,270.51462,270.53464,270.55463,270.57462,270.59464,270.61462,270.62463,270.64462,270.66464,270.68463,270.70462,270.73462,270.75464,270.78464,270.81464,270.84464,270.86462,270.89462,270.92462,270.96463,270.98462,271.00464,271.02463,271.04462,271.06464,271.08463,271.1046,271.13464,271.15463,271.16464,271.17462,271.18463,271.19464,271.19464,271.21463,271.22464,271.23462,271.23462,271.23462,271.23462,271.23462,271.24463,271.24463,271.26462,271.25464,271.25464,271.24463
271.64462,271.66464,271.68463,271.71463,271.75464,271.80463,271.86462,271.93463,271.99463,272.04462,272.08463,272.1046,272.1046,272.09464,272.06464,272.03464,272.00464,271.96463,271.93463,271.91464,271.88464,271.8546,271.82462,271.80463,271.77463,271.75464,271.73462,271.71463,271.70462,271.68463,271.67462,271.64462,271.62463,271.61462,271.6046,271.59464,271.58463,271.58463,271.58463,271.57462,271.57462,271.57462,271.58463,271.58463,271.58463,271.57462,271.57462,271.57462,271.56464,271.56464,271.56464,271.56464,271.57462,271.56464,271.55463,271.55463,271.55463,271.54462,271.53464,271.52463
271.8546,271.82462,271.79462,271.77463,271.74463,271.72464,271.69464,271.66464,271.63464,271.61462,271.58463,271.56464,271.53464,271.51462,271.49463,271.48462,271.47464,271.48462,271.48462,271.49463,271.51462,271.53464,271.56464,271.6046,271.66464,271.73462,271.79462,271.8546,271.91464,271.94464,271.97464,271.99463,272.00464,272.01462,272.02463,272.02463,272.03464,272.03464,272.03464,272.03464,272.03464,272.03464,272.03464,272.03464,272.02463,272.02463,272.01462,272.00464,271.99463,271.98462,271.97464,271.96463,271.95462,271.95462,271.94464,271.93463,271.92462,271.92462,271.90463,271.89462
271.54462,271.53464,271.51462,271.48462,271.47464,271.47464,271.47464,271.51462,271.57462,271.65463,271.72464,271.80463,271.87463,271.91464,271.94464,271.97464,272.02463,272.05463,272.08463,272.12463,272.16464,272.18463,272.19464,272.21463,272.23462,272.24463,272.25464,272.25464,272.25464,272.23462,272.23462,272.21463,272.19464,272.17462,272.15463,272.13464,272.12463,272.11462,272.11462,272.11462,272.13464,272.13464,272.14462,272.13464,272.12463,272.11462,272.11462,272.1046,272.11462,272.12463,272.13464,272.16464,272.17462,272.17462,272.17462,272.15463,272.14462,272.14462,272.12463,272.12463
271.70462,271.77463,271.83463,271.89462,271.93463,271.97464,272.02463,272.16464,272.22464,272.33463,272.40463,272.43463,272.47464,272.56464,272.56464,272.58463,272.59464,272.54462,272.47464,272.44464,272.42462,272.41464,272.41464,272.39462,272.3546,272.31464,272.28464,272.27463,272.25464,272.27463,272.30463,272.36462,272.43463,272.51462,272.54462,272.55463,272.54462,272.52463,272.51462,272.49463,272.47464,272.47464,272.48462,272.47464,272.46463,272.45462,272.44464,272.43463,272.41464,272.39462,272.37463,272.36462,272.34464,272.33463,272.32462,272.32462,272.32462,272.31464,272.30463,272.29462
272.02463,272.11462,272.18463,272.25464,272.27463,272.25464,272.24463,272.28464,272.31464,272.36462,272.43463,272.46463,272.46463,272.45462,272.45462,272.45462,272.45462,272.45462,272.47464,272.50464,272.52463,272.52463,272.49463,272.43463,272.38464,272.32462,272.29462,272.26462,272.24463,272.30463,272.49463,272.58463,272.54462,272.52463,272.49463,272.45462,272.42462,272.42462,272.40463,272.37463,272.3546,272.34464,272.33463,272.34464,272.34464,272.34464,272.34464,272.33463,272.32462,272.31464,272.30463,272.29462,272.27463,272.26462,272.24463,272.23462,272.23462,272.22464,272.22464,272.21463
272.50464,272.54462,272.52463,272.49463,272.49463,272.48462,272.48462,272.54462,272.55463,272.55463,272.53464,272.52463,272.53464,272.56464,272.58463,272.6046,272.62463,272.65463,272.71463,272.78464,272.8546,272.84464,272.75464,272.61462,272.52463,272.50464,272.50464,272.54462,272.57462,272.65463,272.71463,272.72464,272.73462,272.72464,272.70462,272.68463,272.66464,272.63464,272.61462,272.62463,272.65463,272.68463,272.68463,272.62463,272.53464,272.43463,272.47464,272.47464,272.50464,272.55463,272.58463,272.6046,272.6046,272.6046,272.58463,272.54462,272.49463,272.42462,272.36462,272.32462
272.39462,272.26462,271.95462,271.73462,272.41464,272.72464,272.58463,272.78464,273.00464,273.00464,272.96463,272.92462,272.91464,272.94464,273.00464,273.04462,273.04462,273.03464,273.01462,273.01462,273.03464,273.06464,273.1046,273.15463,273.17462,273.08463,272.98462,272.84464,272.76462,273.07462,273.52463,273.27463,273.28464,273.50464,273.52463,273.41464,272.82462,272.64462,272.61462,272.74463,272.82462,272.88464,272.90463,272.92462,272.92462,272.97464,272.94464,273.11462,273.15463,273.04462,273.08463,273.07462,273.07462,273.03464,272.97464,272.89462,272.80463,272.71463,272.67462,272.65463
273.00464,272.67462,272.63464,272.66464,272.68463,272.75464,272.87463,273.02463,273.18463,273.26462,273.29462,273.32462,273.33463,273.31464,273.28464,273.27463,273.26462,273.24463,273.24463,273.24463,273.24463,273.22464,273.21463,273.22464,273.23462,273.24463,273.24463,273.24463,273.24463,273.26462,273.39462,273.83463,273.82462,273.51462,273.41464,273.61462,274.14462,273.94464,273.00464,273.09464,272.81464,272.78464,272.77463,272.77463,272.90463,272.97464,273.03464,273.1046,273.13464,273.19464,273.23462,273.25464,273.23462,273.17462,273.1046,273.03464,273.01462,273.12463,273.3546,273.41464
273.13464,273.12463,273.13464,273.24463,273.23462,273.26462,273.32462,273.39462,273.44464,273.45462,273.45462,273.42462,273.42462,273.47464,273.46463,273.47464,273.44464,273.45462,273.46463,273.45462,273.40463,273.38464,273.37463,273.39462,273.42462,273.43463,273.43463,273.40463,273.40463,273.49463,273.57462,273.68463,273.90463,274.16464,274.39462,274.39462,274.72464,274.63464,275.89462,275.56464,273.59464,274.25464,275.36462,276.40463,275.67462,273.41464,273.14462,273.02463,272.94464,272.96463,272.97464,273.03464,273.06464,273.09464,273.17462,273.37463,273.26462,273.27463,273.28464,273.3546
272.49463,272.47464,272.47464,272.47464,272.49463,272.48462,272.47464,272.47464,272.43463,272.40463,272.42462,272.50464,272.54462,272.48462,272.45462,272.6046,272.71463,273.03464,273.13464,273.11462,273.1046,273.12463,273.17462,273.23462,273.27463,273.26462,273.28464,273.26462,273.26462,273.26462,273.25464,273.25464,273.25464,273.23462,273.21463,273.39462,273.67462,273.76462,273.78464,273.87463,273.75464,273.62463,273.58463,273.49463,273.26462,273.03464,272.83463,272.90463,272.95462,273.01462,272.91464,272.98462,272.96463,273.04462,272.91464,272.87463,273.03464,273.19464,273.31464,273.36462
272.88464,272.87463,272.80463,272.80463,272.81464,272.75464,272.55463,272.65463,273.14462,273.16464,272.66464,272.48462,272.62463,272.84464,273.02463,273.54462,273.77463,273.57462,273.26462,273.3546,273.41464,273.37463,273.37463,273.3546,273.3546,273.42462,273.55463,273.68463,273.80463,273.79462,273.77463,273.84464,274.02463,274.01462,273.91464,273.8546,273.84464,273.84464,273.96463,274.01462,274.21463,274.80463,275.33463,274.97464,274.66464,275.15463,275.39462,274.62463,274.38464,275.22464,274.96463,274.42462,274.22464,274.09464,274.09464,274.20462,274.3546,274.04462,273.78464,273.71463
272.77463,272.67462,272.62463,272.93463,272.97464,273.26462,274.17462,274.12463,273.72464,273.6046,273.34464,273.08463,272.96463,273.32462,273.42462,273.51462,273.63464,273.67462,273.96463,274.19464,274.05463,273.63464,273.48462,273.63464,273.73462,273.80463,273.80463,273.71463,273.40463,273.19464,273.17462,273.13464,273.18463,273.37463,274.44464,276.26462,275.62463,275.57462,275.65463,276.17462,275.88464,275.90463,275.86462,276.30463,277.19464,276.73462,276.83463,277.65463,278.3546,277.55463,277.20462,276.80463,276.48462,276.02463,276.08463,275.16464,275.15463,275.26462,275.07462,274.65463
273.04462,272.96463,273.44464,273.80463,273.55463,273.39462,273.49463,273.52463,273.53464,273.55463,273.32462,273.32462,273.26462,273.16464,273.31464,273.40463,273.52463,273.51462,273.19464,273.47464,273.37463,273.28464,273.42462,273.45462,273.38464,273.41464,273.45462,273.46463,274.51462,274.66464,274.36462,274.47464,275.00464,275.8546,276.21463,276.64462,277.70462,277.53464,277.11462,276.80463,276.00464,277.39462,277.42462,275.40463,274.56464,275.57462,275.87463,275.32462,275.58463,275.83463,276.38464,276.16464,275.24463,276.49463,278.36462,278.16464,277.53464,277.22464,275.89462,275.42462
273.26462,273.36462,272.99463,273.17462,273.19464,273.16464,273.05463,272.96463,272.80463,272.90463,273.00464,273.15463,273.07462,273.11462,273.43463,273.18463,272.93463,272.86462,273.04462,273.24463,273.01462,272.8546,273.02463,273.14462,273.3546,273.75464,273.81464,273.76462,275.90463,275.47464,274.94464,274.78464,275.75464,276.29462,278.01462,278.23462,278.47464,280.46463,279.63464,279.79462,280.43463,283.22464,282.91464,281.50464,280.94464,280.55463,283.82462,281.18463,284.38464,279.21463,283.94464,283.68463,281.64462,280.70462,282.54462,282.65463,281.66464,280.77463,279.6046,277.83463
273.38464,272.94464,272.64462,272.57462,272.53464,272.52463,272.79462,273.05463,273.33463,273.30463,272.72464,273.94464,273.30463,272.93463,273.01462,273.40463,273.17462,273.12463,272.93463,273.63464,274.08463,275.01462,274.57462,275.25464,276.07462,277.04462,278.06464,279.38464,279.47464,279.81464,280.16464,279.67462,277.34464,278.09464,281.92462,285.03464,286.11462,286.21463,286.97464,286.62463,286.43463,285.77463,285.45462,285.53464,285.31464,285.59464,285.30463,288.87463,289.25464,289.09464,288.70462,288.49463,288.25464,287.88464,287.31464,286.99463,287.62463,288.02463,288.64462,288.36462
273.24463,273.00464,272.83463,272.84464,273.07462,272.94464,272.96463,273.14462,273.52463,275.25464,276.31464,276.59464,276.98462,275.8546,274.95462,276.09464,275.48462,275.61462,274.70462,276.63464,276.73462,276.43463,275.22464,277.74463,278.83463,279.55463,280.15463,280.92462,281.38464,281.13464,281.07462,281.56464,282.46463,283.1046,284.66464,286.21463,287.39462,287.84464,288.21463,288.64462,288.69464,288.66464,288.53464,288.37463,288.15463,287.89462,287.51462,288.46463,287.79462,288.02463,288.50464,288.64462,288.23462,287.75464,287.48462,287.74463,288.26462,288.8546,289.38464,289.62463
273.59464,273.29462,273.1046,273.02463,272.97464,272.86462,273.12463,274.68463,275.95462,276.00464,276.50464,276.79462,276.82462,276.00464,275.73462,276.63464,276.67462,276.73462,275.25464,276.44464,277.96463,279.41464,280.41464,278.49463,280.1046,281.21463,281.87463,282.09464,282.73462,283.19464,283.68463,284.26462,285.01462,285.6046,286.00464,287.32462,288.33463,289.14462,289.84464,289.81464,290.25464,290.13464,289.19464,290.25464,289.77463,287.63464,285.96463,283.63464,280.84464,283.81464,285.6046,287.00464,288.25464,288.34464,287.97464,287.99463,288.01462,288.39462,288.61462,289.05463
275.00464,274.29462,273.89462,273.44464,273.06464,272.78464,272.68463,272.38464,275.41464,276.23462,276.71463,276.73462,276.86462,276.48462,276.49463,277.84464,277.95462,278.40463,279.54462,280.34464,281.18463,281.37463,281.51462,280.28464,282.05463,282.94464,283.70462,284.05463,283.77463,283.71463,280.93463,282.53464,282.23462,281.92462,285.73462,289.09464,287.70462,288.15463,288.47464,287.90463,292.64462,292.61462,292.34464,292.93463,292.06464,291.16464,288.58463,288.05463,285.67462,284.83463,288.30463,289.47464,289.81464,289.28464,288.79462,288.11462,287.95462,288.03464,288.17462,288.13464
273.69464,273.70462,274.80463,275.43463,276.55463,276.48462,274.96463,274.06464,273.80463,275.38464,276.42462,276.95462,277.37463,276.76462,276.72464,276.97464,277.43463,278.03464,280.93463,281.43463,281.68463,282.09464,282.70462,283.67462,284.56464,284.98462,285.66464,286.46463,286.20462,284.47464,282.69464,282.92462,284.68463,286.72464,288.27463,283.23462,289.73462,290.80463,290.29462,291.61462,292.83463,293.58463,293.59464,292.94464,292.74463,292.28464,291.77463,291.45462,290.91464,290.3546,290.29462,290.28464,289.95462,289.78464,289.64462,289.58463,288.95462,288.58463,288.55463,288.16464
276.16464,276.6046,276.72464,276.79462,276.70462,276.79462,276.47464,279.17462,278.32462,277.58463,278.34464,277.79462,278.91464,279.39462,276.69464,279.8546,281.24463,279.57462,279.38464,281.88464,282.83463,283.37463,284.50464,284.96463,285.8546,286.43463,286.84464,288.46463,285.83463,292.28464,289.30463,289.09464,288.29462,284.03464,290.58463,291.69464,292.46463,292.30463,292.59464,293.73462,293.31464,294.04462,293.41464,292.98462,292.48462,291.78464,291.32462,291.02463,290.78464,290.6046,290.40463,290.05463,290.13464,289.99463,290.06464,289.76462,289.94464,289.8546,289.58463,289.59464
278.23462,278.61462,278.89462,278.12463,277.99463,277.18463,280.09464,281.45462,281.23462,280.49463,280.88464,280.89462,278.59464,278.04462,280.30463,282.09464,281.92462,280.76462,280.67462,282.20462,282.17462,282.08463,283.03464,283.57462,285.21463,286.06464,286.53464,288.88464,291.28464,292.26462,292.36462,291.74463,291.90463,293.04462,293.62463,294.07462,295.37463,293.96463,293.67462,293.28464,293.86462,294.40463,293.40463,293.05463,292.13464,291.02463,290.6046,290.55463,290.17462,290.04462,289.87463,289.38464,289.44464,288.69464,289.45462,289.91464,289.31464,288.53464,288.70462,288.45462
277.52463,279.22464,279.04462,279.04462,280.93463,281.8546,282.82462,282.8546,283.99463,283.3546,282.46463,281.73462,281.94464,283.68463,283.61462,282.93463,282.01462,282.45462,280.47464,280.52463,281.46463,282.55463,284.78464,286.27463,286.48462,286.96463,288.42462,290.80463,297.58463,296.96463,297.48462,297.70462,297.14462,296.31464,295.18463,295.28464,294.74463,293.17462,293.87463,292.64462,293.30463,293.87463,293.62463,292.92462,292.64462,291.00464,290.26462,289.86462,289.66464,289.28464,289.66464,289.47464,288.84464,288.53464,288.28464,288.50464,288.64462,288.27463,289.06464,289.01462
279.05463,280.44464,281.36462,281.92462,282.41464,282.80463,283.49463,284.01462,284.69464,284.94464,285.45462,284.41464,284.94464,284.57462,282.31464,282.13464,280.90463,280.93463,281.73462,282.63464,284.22464,288.77463,291.53464,293.48462,294.66464,296.70462,296.21463,297.29462,299.17462,298.88464,299.32462,298.8546,298.42462,297.68463,298.05463,297.16464,297.6046,296.65463,296.89462,297.17462,295.98462,295.76462,295.15463,293.71463,292.66464,292.62463,291.49463,290.98462,290.69464,289.86462,289.26462,288.81464,288.34464,287.71463,288.43463,288.80463,289.43463,289.74463,289.34464,289.98462
