demo/data/weather/current/current-precipitation_rate-isobaric-1000hPa-gfs-1.0.json
{"header": {"discipline":0,"disciplineName":"Meteorological products","gribEdition":2,"gribLength":50115,"center":7,"centerName":"US National Weather Service - NCEP(WMC)","subcenter":0,"refTime":"2023-06-08T06:00:00.000Z","significanceOfRT":1,"significanceOfRTName":"Start of forecast","productStatus":0,"productStatusName":"Operational products","productType":1,"productTypeName":"Forecast products","productDefinitionTemplate":0,"productDefinitionTemplateName":"Analysis\/forecast at horizontal level\/layer at a point in time","parameterCategory":1,"parameterCategoryName":"Moisture","parameterNumber":7,"parameterNumberName":"Precipitation_rate","parameterUnit":"kg.m-2.s-1","genProcessType":2,"genProcessTypeName":"Forecast","forecastTime":0,"surface1Type":1,"surface1TypeName":"Ground or water surface","surface1Value":0,"surface2Type":255,"surface2TypeName":"Missing","surface2Value":0,"gridDefinitionTemplate":0,"gridDefinitionTemplateName":"Latitude_Longitude","numberPoints":65160,"shape":6,"shapeName":"Earth spherical with radius of 6,371,229.0 m","gridUnits":"degrees","resolution":48,"winds":"true","scanMode":0,"nx":360,"ny":181,"basicAngle":0,"lo1":0,"la1":90,"lo2":359,"la2":-90,"dx":1,"dy":1}, "data":
[rows 68 to 101 of 181, columns 234 to 311 of 360]
1.6E-6,0,0,2.4E-6,8E-7,0,0,8E-7,8E-7,8E-7,8E-7,0,0,0,0,0,0,0,0,0,0,0,0,0,0,0,0,0,0,0,0,0,0,0,0,0,8E-7,8E-7,0,0,0,1.28E-5,9.44E-5,0,0.0002024,4.72E-5,2.24E-5,0.0002216,0.0006552,0.0005976,0.0003992,0.0001912,5.52E-5,0.0001272,3.52E-5,0.0002776,0.00036,7.28E-5,3.44E-5,4E-6,3.2E-6,0,0,0,0,0,0,0,0,0,0,0,0,0,0,0,0,5.6E-6
2.4E-6,8E-7,1.6E-6,2.4E-6,2.4E-6,0,0,0,8E-7,8E-7,8E-7,8E-7,0,0,0,0,0,0,0,0,8E-7,8E-7,0,0,0,1.52E-5,0,0,0,0,0,0,0,0,0,0,8E-7,0,0,0,6.08E-5,9.6E-6,0,0,1.84E-5,2E-5,7.76E-5,0.0003992,0.0011096,0.0005744,0.0002088,0.0002904,0.0001968,2.4E-6,6.4E-6,7.12E-5,1.6E-6,1.76E-5,4E-6,1.6E-6,8E-7,8E-7,0,0,0,0,0,0,0,0,0,0,0,0,0,0,1.6E-6,9.6E-6
4.8E-6,1.6E-6,8E-7,8E-7,0,8E-7,0,0,0,1.6E-6,8E-7,0,0,8E-7,0,0,0,0,0,0,8E-7,0,0,0,0,0,4E-6,1.12E-5,0,0,0,0,0,0,0,0,0,0,0,0,8E-7,2.4E-6,0,0,0,2.16E-5,0.0001256,4.08E-5,0.0004976,0.0002608,0.0003928,3.68E-5,0.0001104,0.0001888,0,2.4E-5,0,1.44E-5,6.4E-5,0,8E-7,8E-7,8E-7,0,0,0,0,0,0,0,0,0,0,0,8E-7,8E-7,5.6E-6,1.84E-5
2.4E-6,4.8E-6,2.4E-6,1.6E-6,1.6E-6,8E-7,0,0,3.2E-6,3.2E-6,1.6E-6,8E-7,0,0,0,0,0,0,0,0,3.2E-6,8E-7,0,0,2.4E-6,0,1.04E-5,2.48E-5,2.24E-5,0,1.6E-6,0,0,0,0,0,0,0,8.08E-5,0.0001808,0,0,0,0,0,2.32E-5,0,0.0002272,0.0002392,0.0003272,0.0001768,0.0001848,7.68E-5,1.12E-5,0,0,5.6E-5,6.4E-6,1.6E-6,0,1.6E-6,4E-6,8E-7,8E-7,8E-7,8E-7,8E-7,8E-7,0,0,8E-7,2.4E-6,4.8E-6,2.4E-6,8E-6,6.4E-6,1.04E-5,4E-6
6.4E-6,4E-6,4E-6,8E-7,0,0,0,0,0,1.6E-6,0,8E-7,0,0,0,0,0,0,0,0,8E-6,1.36E-5,7.2E-6,1.6E-6,4E-6,0,1.6E-5,0,3.6E-5,9.6E-5,0,0,1.6E-5,3.28E-5,5.12E-5,0,0,0,8.24E-5,0,0,0,0,0,0,7.44E-5,8.16E-5,0.0003824,6.4E-6,4.56E-5,0.0003136,2.64E-5,7.2E-5,6.8E-5,1.28E-5,5.68E-5,0.0001248,2E-5,8E-7,1.6E-6,5.6E-6,2.4E-6,0,2.4E-6,8E-7,1.6E-6,2.4E-6,1.6E-6,3.2E-6,4.8E-6,0,8E-7,4E-6,2.8E-5,8.8E-6,2E-5,4.8E-6,6.4E-6
5.6E-6,4E-6,4.8E-6,8E-7,0,0,0,0,8E-7,8E-7,0,8E-7,8E-7,0,8E-7,8E-7,8E-7,0,0,0,1.6E-6,1.28E-5,1.44E-5,1.68E-5,2.4E-6,0,0,0,8E-7,0,4.8E-6,8E-7,1.68E-5,1.36E-5,4.72E-5,1.44E-5,7.2E-6,0,0,0,0,0,0,0,0,0,0.0002208,9.76E-5,0,1.6E-6,4.64E-5,4E-6,4E-6,1.6E-6,1.28E-5,1.68E-5,4.8E-6,8E-7,0,8E-7,1.6E-6,8E-7,4E-6,1.6E-6,2.4E-6,1.6E-6,5.6E-6,3.2E-6,1.6E-6,2.72E-5,6.4E-6,1.52E-5,1.92E-5,4.4E-5,7.68E-5,8.64E-5,8.8E-6,1.12E-5
5.6E-6,6.4E-6,3.2E-6,8E-7,0,0,8E-7,0,5.6E-6,2.4E-6,0,8E-7,8E-7,8E-7,8E-7,8E-7,8E-7,8E-7,8E-7,1.6E-6,2.4E-6,3.2E-6,6.4E-6,1.12E-5,6.4E-6,8E-6,3.2E-6,0,0,0,0,4.8E-6,6E-5,7.76E-5,3.2E-6,0,0,0,0,2.4E-6,0,0,0,0,0,1.68E-5,5.04E-5,0.0002632,4E-6,2.96E-5,8E-7,4E-6,1.6E-6,1.6E-6,8E-7,1.6E-6,0,7.2E-6,4E-6,0,3.2E-6,4E-6,3.2E-6,0,2.4E-6,2E-5,7.2E-6,8.8E-6,0,4E-6,1.04E-5,6.56E-5,0.0001,4.8E-6,1.12E-5,3.28E-5,9.6E-6,8.8E-6
5.6E-6,6.4E-6,1.6E-6,1.6E-6,8E-7,0,8E-7,4E-6,8.8E-6,7.2E-6,2.4E-6,8E-7,8E-7,4E-6,0,0,8E-7,1.6E-6,1.6E-6,2.4E-6,1.6E-6,8E-7,1.6E-6,1.6E-6,0,4E-6,5.6E-6,3.2E-6,0,0,0,0,0,1.68E-5,0.0001104,9.04E-5,0.0001512,0.000108,2.4E-6,3.28E-5,0,0,0,0,0,5.68E-5,0.0001544,0.00028,0.0001232,1.04E-5,1.52E-5,4.8E-6,0,0,0,0,8E-7,5.6E-6,4.8E-6,8E-7,6.4E-6,6.4E-6,8E-7,2.4E-6,4.8E-6,4E-6,8E-7,1.36E-5,8E-7,8E-7,8E-7,8.8E-6,1.28E-5,2.32E-5,3.2E-6,0,6.4E-6,0
2.4E-6,8E-6,4.8E-6,8.8E-6,5.6E-6,8E-7,1.6E-6,8E-6,1.28E-5,3.2E-6,1.6E-6,8E-7,0,8E-7,0,0,0,0,0,8E-7,0,0,8E-7,1.6E-6,2.4E-6,3.2E-6,4E-6,0,0,0,0,0,0,0,0,0.0001592,0.0001024,0.000192,2.72E-5,0,0,0,0,0,0,3.76E-5,4.32E-5,0.0004608,0.000108,1.04E-5,0.0001392,2.16E-5,0,0,0,0,0,1.6E-6,8E-7,0,8E-7,8E-7,3.2E-6,2.4E-6,1.2E-5,2.8E-5,9.6E-6,2.4E-6,7.2E-6,1.6E-6,7.2E-6,4.8E-6,1.12E-5,1.76E-5,1.6E-6,8E-6,0,0
0,8E-6,6.4E-6,1.04E-5,1.36E-5,1.68E-5,1.28E-5,1.2E-5,1.04E-5,4.8E-6,2.4E-6,2.4E-6,8E-7,0,0,0,0,0,0,0,8E-7,2.4E-6,2.4E-6,1.6E-6,1.6E-6,1.6E-6,4.8E-6,1.6E-6,1.36E-5,0,0,0,0,0,0,0.0001232,3.92E-5,0,0,0,1.28E-5,0,0,0,0,3.2E-5,0.0002776,0.0001488,6.96E-5,0.0001192,0.0001544,6.08E-5,2.32E-5,0,0,0,0,0,0,8E-7,0,8E-7,4E-6,1.6E-6,4E-6,1.28E-5,4E-6,2.16E-5,6.4E-6,6.4E-6,8E-6,1.28E-5,1.12E-5,3.68E-5,5.52E-5,1.2E-5,1.28E-5,2.4E-6
9.2E-5,8.8E-6,5.6E-6,6.4E-5,4.72E-5,1.68E-5,1.52E-5,1.28E-5,1.44E-5,6.4E-6,1.6E-6,1.6E-6,8E-7,8E-7,0,0,0,1.6E-6,1.04E-5,4.8E-6,3.2E-6,3.2E-6,8E-7,1.6E-6,8E-7,1.6E-6,1.2E-5,2.08E-5,1.6E-6,1.6E-6,0,8E-7,2.4E-6,0,0.0002448,0.0003584,7.76E-5,0,0,0.0001448,0,0,2.48E-5,4.8E-5,0,0,0,0,0.0003344,9.12E-5,6.56E-5,9.12E-5,0.0002048,4E-6,0,0,0,0,4.08E-5,8E-7,8E-7,0,1.6E-6,1.12E-5,8.8E-6,7.2E-6,1.6E-6,5.6E-6,2.72E-5,7.2E-6,1.12E-5,1.6E-6,4.8E-6,8E-6,2.4E-6,0,0,0
0.0002944,9.44E-5,0.000132,0.00036,0.0003776,6.88E-5,5.84E-5,3.36E-5,1.12E-5,6.4E-6,5.6E-6,5.6E-6,2.4E-6,8E-7,8E-7,0,8E-7,1.6E-6,1.6E-6,1.6E-6,2.4E-6,8E-7,0,0,0,8E-7,3.28E-5,0.000212,0.000108,2.24E-5,7.2E-6,0.0003128,0.0002128,1.6E-6,8.56E-5,0.0003128,0,0,0,0,0,0,0,0.0001376,6.8E-5,0,0,0,7.52E-5,0.0003752,0.0001696,0.0004504,2.4E-6,6.4E-6,0,0,0,0,0,0,4.48E-5,0,0,9.6E-6,8.8E-6,1.44E-5,8.8E-6,7.2E-6,8.8E-6,1.52E-5,8E-6,4E-6,2.4E-6,8E-7,2.4E-6,3.2E-6,3.2E-6,4E-6
0.000104,0.0004904,0.0002744,0.000332,0.0002992,0.0003552,0.0002528,0.000268,9.6E-5,1.04E-5,4.8E-6,4E-6,4E-6,1.6E-6,8E-7,2.4E-6,0,0,8E-7,0,1.6E-6,0,0,6.4E-6,8E-6,8E-7,7.68E-5,8.08E-5,9.28E-5,0.0002008,0.0001568,0.000344,0.0005008,0.0004832,0.00044,3.12E-5,0,0,0,0.000104,0,8E-7,0,0.000148,0.000112,0,2.56E-5,5.6E-6,0.0003376,0.00022,5.6E-5,0.000244,0.0002192,4.88E-5,0,6.56E-5,0,4.4E-5,3.12E-5,8.48E-5,1.6E-6,1.6E-6,2.4E-6,2.24E-5,4.8E-6,2.08E-5,2.48E-5,2E-5,1.44E-5,1.28E-5,1.76E-5,1.12E-5,4E-6,6.4E-6,1.6E-6,4E-6,4.8E-6,3.2E-6
0.0003344,0.0002504,0.000136,4.88E-5,3.52E-5,0.0001784,2E-5,7.44E-5,0.000156,0.000304,0.0002144,0.0001224,4.48E-5,1.68E-5,8E-7,1.6E-6,0,0,0,0,3.2E-6,3.2E-6,8E-6,8.8E-6,8E-7,0,4E-6,7.92E-5,5.6E-6,0.0001232,0.000328,0.0004328,0.0005912,0.0002488,4E-5,0.0002136,0.0001088,8E-7,4.96E-5,0,4.8E-6,8.8E-6,8E-7,3.28E-5,0.000132,0.0003984,3.68E-5,0.0003032,3.2E-5,2.56E-5,8.56E-5,0.0002936,0.0005872,0.000156,6.56E-5,3.2E-6,0.0001608,0.0002104,0.0002552,0.0003568,0,0,8E-7,1.2E-5,2.48E-5,1.36E-5,1.92E-5,1.2E-5,1.6E-5,2.32E-5,3.2E-5,3.04E-5,2.48E-5,1.12E-5,5.6E-6,4.8E-6,4.8E-6,6.4E-6
0.0002112,0.0002584,0.0001616,6E-5,3.36E-5,2.4E-6,8.8E-6,1.92E-5,8.56E-5,2.32E-5,0.0002,0.0001944,0.0001832,0.0001656,5.76E-5,1.76E-5,7.84E-5,0.0001456,0.0001384,1.2E-5,8.8E-6,0,0,0,0,8E-7,2.4E-6,4.8E-6,5.52E-5,1.6E-6,5.2E-5,8.64E-5,0.0003208,0.0001344,8.8E-5,8E-7,8.8E-6,0,3.84E-5,0.000136,0.0001072,0.0001104,3.92E-5,0.0001704,0.0001848,1.52E-5,5.84E-5,0.0005552,0.0001656,5.2E-5,3.76E-5,0.0017248,0.0007048,0,3.2E-6,0.0001168,0.0002064,0.000152,0.0006912,0.0007848,0.000152,0,0,1.6E-6,1.2E-5,3.36E-5,2.96E-5,1.84E-5,2E-5,3.6E-5,3.12E-5,4.88E-5,1.12E-5,5.12E-5,0.0001184,1.2E-5,8.8E-6,1.36E-5
4.4E-5,7.2E-6,8E-7,6.4E-6,0,0,8E-6,0,0,0,5.36E-5,0.000152,0.0001896,0.000372,0.0003416,1.92E-5,7.2E-6,9.04E-5,0,0,0,0,8E-7,1.6E-6,0,0,0,2.4E-6,4.72E-5,3.92E-5,0.0001056,0.0002288,2.56E-5,4E-6,3.92E-5,2.24E-5,9.52E-5,7.84E-5,0.0001376,0.0003008,0.000136,0.000248,0.000172,7.04E-5,0.0004024,0.000148,0.0001104,0.0001448,0.0004176,0,8.24E-5,0.0005,0.000912,3.28E-5,8.8E-5,0.0001432,0.0002208,8.32E-5,6.48E-5,0.0004912,0.0004088,0.0001088,0,1.6E-6,7.2E-6,2.72E-5,2.96E-5,5.92E-5,5.6E-5,2.64E-5,0.000116,0.0003712,0.000352,0.0004616,0.0001952,0.000264,0.0004104,0.0003168
1.84E-5,8E-6,2.4E-6,8E-7,0,8E-7,0,0,0,0,3.2E-6,5.2E-5,2.4E-6,4.24E-5,6.32E-5,0.0001128,0.0003416,0.0001752,5.52E-5,1.36E-5,0,0,0,0,1.6E-6,1.6E-6,0,1.04E-5,2.4E-6,0.0003496,0.0001968,0.0001744,8.56E-5,7.44E-5,0.0001944,5.6E-5,4.8E-5,0.0001176,0.0003504,0.000372,0.0003552,0.0003792,0.0003648,0.0002896,0.000296,0.0004304,0.000508,0.0002816,0.00038,5.44E-5,9.36E-5,0.0003592,8.96E-5,5.6E-6,2.48E-5,0.0001808,0.000248,0,5.04E-5,0.0005192,0.0014168,0.0006128,0.0002136,7.36E-5,7.2E-6,3.2E-6,5.28E-5,0.0001184,0.0001,0.0001016,0.0001912,0.0001872,0.000216,0.0001504,0.0001088,0.0001008,8E-7,0.0001928
3.2E-6,3.2E-6,8E-7,0,0,1.6E-6,8E-7,0,0,0,1.44E-5,2.64E-5,0.000216,8E-7,8.72E-5,0.0001168,0.000124,0.0002752,8.8E-5,8.16E-5,0,0,8E-7,4.56E-5,1.12E-5,8E-7,0,8.8E-6,0.000112,0.0007312,0.0004456,0.0004288,0.0003888,6.96E-5,8.4E-5,8E-7,1.36E-5,0.0001776,3.2E-6,9.76E-5,8E-7,6E-5,0.0001464,0.0001592,0.0001072,0.0001168,9.52E-5,0.0003352,0.0006736,0.00016,0.0003544,0.0001048,1.28E-5,4.24E-5,0.0001384,0.000192,0.000124,5.6E-6,0.0005096,0.0011528,0.0013096,0.0004504,0.0003376,0.0001424,2.24E-5,0,1.6E-6,0.000204,0.0001904,0.0001176,6.48E-5,4.24E-5,3.2E-5,2.48E-5,0.0001624,1.2E-5,6.08E-5,4.4E-5
0,0,0,0,1.6E-6,3.2E-6,4.8E-6,0,0,0,8E-7,1.6E-6,8E-6,8.8E-6,6.24E-5,0.000104,6.72E-5,0.0001448,0.000144,4E-6,8E-7,3.36E-5,0.0001872,8.32E-5,2.4E-6,2.4E-6,8E-7,0.0001472,0.0002176,0.0004064,5.6E-6,0.0004312,0.0003168,9.6E-5,1.68E-5,2.96E-5,0.000356,0.0001024,6.56E-5,1.04E-5,8E-7,5.92E-5,0.0002728,0.0001728,0.0002568,0.0001424,7.92E-5,0.000172,0.0006168,1.6E-6,0.0001,9.12E-5,7.28E-5,0.0001304,8E-5,4.88E-5,0.0001624,0,7.04E-5,0.0009192,0.000736,0.0002416,0.000248,0.0001448,9.76E-5,4.08E-5,0,4.32E-5,0.000104,5.12E-5,4.24E-5,0.0001384,3.44E-5,0,0,8E-6,0,0.0002328
0,0,0,3.2E-6,4.8E-6,2E-5,8E-7,0,0,8E-7,0,2.4E-6,2.4E-6,5.6E-6,4.32E-5,1.44E-5,8E-6,5.6E-5,8E-7,0,0,4.56E-5,3.6E-5,2.4E-6,3.2E-6,4.8E-6,4.8E-6,7.2E-6,3.68E-5,2.4E-6,4.8E-6,5.6E-6,4.8E-6,2.4E-6,8E-7,2.4E-6,0.0001256,0.000356,0.0003536,7.12E-5,1.12E-5,0.0002064,0.0001632,6E-5,1.52E-5,0.00022,3.2E-5,0.0005064,0.0003272,5.28E-5,5.6E-5,1.84E-5,0.0001112,0.0001296,0,2.32E-5,0.0001416,0.000112,0.0001456,0.000428,0.000544,0.0003752,3.28E-5,0.000164,0.0001648,8.72E-5,1.2E-5,3.2E-6,6.32E-5,0.0001152,2.4E-6,1.6E-6,0,0,0,2.48E-5,6.4E-6,2.4E-6
5.6E-6,4E-6,8E-7,0,0,0,0,0,1.6E-6,3.2E-6,0,0,0,0,3.2E-6,2.4E-6,0,0,8E-7,0,1.6E-6,0,3.2E-6,4E-6,3.2E-6,5.6E-6,4E-6,1.04E-5,1.6E-6,8E-7,0,0,0,0,0,0,8.48E-5,0.0004616,0.0004464,2.32E-5,2.72E-5,0.0001872,2.8E-5,2.4E-5,0.0001024,0.000416,0.0004464,0.0006256,8E-7,6.8E-5,0,8E-6,1.52E-5,6.4E-6,4.48E-5,6.08E-5,6.72E-5,0.0001792,1.44E-5,0.000232,0.0003184,9.28E-5,0.0001288,0.0001112,0.0001736,7.44E-5,0,1.44E-5,0.0001464,2.96E-5,0,0,0,0,0,2.4E-6,6.4E-6,2.4E-6
4E-6,8E-7,0,0,0,0,0,2.4E-6,0,0,0,0,0,0,0,0,0,0,0,0,0,8E-7,4E-6,0,1.28E-5,1.6E-5,1.12E-5,2.24E-5,1.84E-5,7.2E-6,8E-7,0,0,0,0,0,8E-7,4.4E-5,5.52E-5,0.000228,0.0003152,0.000172,1.04E-5,1.12E-5,3.52E-5,0.0001416,0.0005008,0.0002216,0,3.6E-5,0.0001528,0.0004416,0.00022,0,0,0.000252,0.0002224,3.2E-5,4.56E-5,1.84E-5,1.2E-5,2.64E-5,5.28E-5,9.12E-5,0.0001904,0.0002008,8E-6,6.32E-5,4E-5,9.36E-5,6.16E-5,1.92E-5,0,0,0,0,3.92E-5,5.76E-5
8E-7,0,0,0,0,0,3.2E-6,4E-6,0,0,0,8E-7,0,0,0,0,0,1.6E-6,3.2E-6,4E-6,2.4E-6,8E-7,8E-7,8E-7,1.84E-5,8.8E-6,1.2E-5,1.04E-5,1.12E-5,4.8E-6,6.4E-6,0,0,0,0,0,0,8E-7,3.2E-6,9.6E-6,0.0001216,1.6E-6,0,0,3.2E-6,4E-6,8.32E-5,0.000176,2.08E-5,1.44E-5,0,9.76E-5,0,0,0.000264,0.0001336,5.52E-5,0,0.0001312,4.16E-5,0,0.0001416,0.0003304,0.0002232,0.000292,0.0002064,2.16E-5,0.000176,0.0001472,6.32E-5,0,0,0,0,0,5.68E-5,3.76E-5,7.52E-5
0,0,0,0,0,8E-7,1.12E-5,2.4E-6,0,0,0,4.8E-6,0,0,0,0,1.6E-6,4.8E-6,2.16E-5,1.2E-5,1.6E-6,5.6E-6,5.6E-6,2.56E-5,1.6E-5,8.8E-6,8E-6,1.2E-5,1.12E-5,4E-6,0,0,0,0,0,0,3.2E-6,8E-7,2.4E-6,4E-6,0,0,0,0,0,2.4E-6,0.000224,2.56E-5,8E-7,8E-6,0,0,0,0,1.04E-5,0.0002616,0.0001616,0.0002864,0.0001192,6.24E-5,0.0002952,2.4E-5,2.16E-5,2E-5,0.0004368,0.000308,0.0001144,0.0001384,7.36E-5,4.56E-5,8E-7,0,0,0,0,0,2.32E-5,6.48E-5
3.2E-6,0,0,0,8E-7,2.4E-6,8E-7,0,0,0,4E-6,1.12E-5,1.6E-6,0,0,8E-7,2.16E-5,1.84E-5,8.8E-6,0,6.4E-6,3.2E-6,2.8E-5,2.16E-5,1.76E-5,3.2E-6,2.4E-6,4E-6,3.2E-6,1.6E-6,8E-7,0,0,0,0,0,8E-7,0,8E-7,6.4E-6,7.2E-6,1.04E-5,8E-7,0,0,8E-7,4.48E-5,3.52E-5,2.08E-5,5.6E-6,0,0,0,0,0.0001248,0.0001512,0.0003912,0.00016,0.0002128,7.84E-5,0.0001344,0.0007208,0.0002032,8E-6,9.36E-5,0.0002096,0.0001256,7.76E-5,3.2E-6,0,0,0,0,0,0,0.0001048,9.6E-6,6.16E-5
1.6E-5,0,8E-7,6.4E-6,2.24E-5,0,0,0,0,0,0,1.6E-6,1.04E-5,1.92E-5,2.32E-5,3.12E-5,1.2E-5,1.12E-5,2.48E-5,4.8E-6,2.48E-5,1.36E-5,2.48E-5,1.04E-5,7.2E-6,8E-7,8E-7,8E-7,8E-7,8E-7,1.6E-6,0,0,0,0,0,0,0,1.68E-5,1.28E-5,1.68E-5,1.44E-5,6.4E-6,0,0,0,1.04E-5,8E-7,8.8E-6,0,0,8E-7,0,0,0.0001184,0.0001304,9.52E-5,0.0001296,0.0003696,7.28E-5,0.000588,0.000388,5.04E-5,0.0001336,1.2E-5,3.68E-5,1.04E-5,2.4E-6,0,0,0,4E-6,5.2E-5,2.72E-5,8.08E-5,0.0004096,0.0004304,0.0001608
9.6E-6,8E-7,0,0,0,0,0,0,0,0,0,0,0,2.8E-5,2.64E-5,2.32E-5,1.28E-5,6.4E-6,2.24E-5,3.04E-5,2.24E-5,1.6E-5,8E-6,6.4E-6,3.2E-6,4E-6,1.6E-6,8E-7,8E-7,1.6E-6,8E-7,8E-7,8E-7,0,0,0,0,2.4E-6,1.44E-5,1.84E-5,1.76E-5,9.6E-6,5.6E-6,4.8E-6,0,0,0,0,0,0,1.44E-5,9.28E-5,0,2.88E-5,1.44E-5,2.24E-5,5.12E-5,5.92E-5,0.0001224,0.0001712,0.0001496,0.000272,6.64E-5,0.0002992,0.0001888,3.44E-5,0.0001224,0,2.96E-5,0,0,0,0,0.000108,0,2.4E-5,0.000172,0.000136
1.52E-5,1.52E-5,0,0,0,0,0,0,0,0,0,0,0,8E-7,4E-6,1.76E-5,2.64E-5,4.8E-6,1.68E-5,1.52E-5,1.36E-5,7.2E-6,8E-7,1.6E-6,3.2E-6,2.4E-6,2.4E-6,1.6E-6,8E-7,2.4E-6,1.6E-6,2.4E-6,4E-6,4.8E-6,2.4E-6,0,0,8E-7,7.2E-6,1.76E-5,2.24E-5,8.8E-6,8E-7,3.2E-6,0,0,0,0,0,0,0,2.08E-5,0,0.0001328,0,2.64E-5,0.0002792,2.88E-5,1.92E-5,0.000232,0.0002256,9.76E-5,0.0002368,0.0002328,0.000152,1.12E-5,8.48E-5,0,0,0,0,0,0,0,0,0,4.8E-5,9.68E-5
8.8E-6,3.92E-5,6.4E-6,1.6E-6,0,0,0,0,0,0,0,0,0,0,3.2E-6,8E-7,4.8E-6,4.8E-6,8.8E-6,6.4E-6,1.44E-5,2.4E-6,3.2E-6,8E-7,8E-7,2.4E-6,2.4E-6,2.4E-6,8E-7,1.6E-6,8E-7,1.6E-6,4E-6,3.2E-6,8.8E-6,3.2E-6,1.6E-6,8E-6,2.4E-6,1.6E-6,4E-6,9.6E-6,1.04E-5,6.4E-6,4E-6,0,0,8E-7,2.4E-6,4.24E-5,9.6E-5,1.92E-5,0,7.2E-6,5.12E-5,0.0001224,4.88E-5,0.0002152,5.6E-6,7.2E-6,3.2E-6,0,3.2E-6,5.52E-5,5.6E-6,0,0,0,0,0,0,0,0,0,0,0,0,0
2.4E-6,1.44E-5,1.2E-5,7.2E-6,2.4E-6,2.4E-6,2.4E-6,0,0,0,0,0,0,0,1.6E-6,7.2E-6,1.36E-5,1.04E-5,8E-7,4.8E-6,1.6E-6,8E-7,8E-7,1.6E-6,2.4E-6,4E-6,8E-6,3.2E-6,1.6E-6,1.6E-6,2.4E-6,8E-7,0,0,4.8E-6,4.8E-6,1.04E-5,9.6E-6,8.8E-6,4E-6,3.2E-6,1.04E-5,8.8E-6,1.36E-5,5.6E-6,0,0,2.4E-6,3.2E-6,0.0001568,0,0,0,0.0001664,5.12E-5,6.24E-5,0.0001352,9.6E-5,5.92E-5,0.000156,3.28E-5,0,0,0,2.16E-5,0,0,0,0,0,0,0,0,0,0,0,0,0
0,0,0,8E-7,4E-6,0,0,0,0,0,0,0,0,0,1.6E-6,6.4E-6,8E-6,4E-6,0,0,0,8E-7,3.2E-6,4E-6,6.4E-6,7.2E-6,4E-6,5.6E-6,3.2E-6,2.4E-6,3.2E-6,1.6E-6,8E-7,4.8E-6,4E-6,3.2E-6,9.6E-6,8E-7,1.04E-5,1.84E-5,1.76E-5,1.52E-5,1.68E-5,1.2E-5,8E-6,1.6E-6,1.6E-6,2.4E-6,5.6E-6,9.04E-5,2.8E-5,0,8.88E-5,5.76E-5,0.0002464,9.6E-5,5.36E-5,4.4E-5,5.2E-5,0.0001216,0.000192,6.4E-6,0,0,0,0,0,0,0,0,0,0,0,0,0,0,0,0
6.4E-6,8E-7,1.6E-6,0,8E-7,0,0,0,0,0,0,0,0,8E-7,3.2E-6,6.4E-6,4.8E-6,1.6E-6,8E-7,8E-7,2.4E-6,4E-6,8.8E-6,7.2E-6,1.04E-5,1.04E-5,4.8E-6,5.6E-6,3.2E-6,2.4E-6,2.4E-6,1.6E-6,8E-6,6.4E-6,4E-6,1.2E-5,2E-5,1.28E-5,7.2E-6,1.36E-5,2.08E-5,1.44E-5,1.76E-5,1.6E-5,8E-6,1.6E-6,4E-6,6.4E-6,1.68E-5,1.6E-6,9.6E-6,0,2.24E-5,0,3.44E-5,9.04E-5,2.24E-5,8.32E-5,1.12E-5,7.84E-5,5.52E-5,7.84E-5,0,0,0,0,0,0,0,0,0,0,0,0,0,0,0,0
0,0,3.2E-6,1.6E-6,0,0,0,0,0,0,0,0,0,0,0,8E-7,3.2E-6,4E-6,8E-7,2.4E-6,5.6E-6,3.2E-6,2.4E-6,4.8E-6,4E-6,1.36E-5,8.8E-6,3.2E-6,1.6E-6,8E-6,8E-7,6.4E-6,3.2E-6,3.2E-6,1.6E-6,4E-6,3.2E-6,5.6E-6,1.28E-5,1.92E-5,1.52E-5,1.92E-5,1.92E-5,1.6E-5,8.8E-6,8E-7,3.2E-6,1.6E-5,9.6E-6,1.52E-5,0,0,0,2.8E-5,4.48E-5,5.12E-5,0,0,2.4E-6,2.4E-6,9.68E-5,2.08E-5,0,0,0,0,0,0,0,0,0,0,0,0,0,0,0,0
0,0,0,0,3.2E-6,0,0,4.8E-6,2.4E-6,0,0,0,0,0,0,0,0,1.6E-6,1.6E-6,3.2E-6,2.4E-6,1.6E-6,1.6E-6,8E-7,8E-7,1.6E-6,1.12E-5,3.2E-6,8.8E-6,4E-6,1.6E-6,1.6E-6,3.2E-6,5.6E-6,1.12E-5,8E-7,4E-6,8.8E-6,7.2E-6,9.6E-6,8E-6,1.28E-5,9.6E-6,6.4E-6,1.68E-5,3.2E-6,1.04E-5,1.92E-5,8E-6,8E-7,1.6E-6,8E-7,4E-6,0,7.2E-6,8E-6,3.52E-5,0,0,0,0,0,0,0,0,0,0,0,0,0,0,0,0,0,0,0,0,0
