demo/data/weather/current/current-mean_sea_level_pressure-isobaric-1000hPa-gfs-1.0.json
{"header": {"discipline":0,"disciplineName":"Meteorological products","gribEdition":2,"gribLength":74151,"center":7,"centerName":"US National Weather Service - NCEP(WMC)","subcenter":0,"refTime":"2023-06-08T06:00:00.000Z","significanceOfRT":1,"significanceOfRTName":"Start of forecast","productStatus":0,"productStatusName":"Operational products","productType":1,"productTypeName":"Forecast products","productDefinitionTemplate":0,"productDefinitionTemplateName":"Analysis\/forecast at horizontal level\/layer at a point in time","parameterCategory":3,"parameterCategoryName":"Mass","parameterNumber":0,"parameterNumberName":"Pressure","parameterUnit":"Pa","genProcessType":2,"genProcessTypeName":"Forecast","forecastTime":0,"surface1Type":1,"surface1TypeName":"Ground or water surface","surface1Value":0,"surface2Type":255,"surface2TypeName":"Missing","surface2Value":0,"gridDefinitionTemplate":0,"gridDefinitionTemplateName":"Latitude_Longitude","numberPoints":65160,"shape":6,"shapeName":"Earth spherical with radius of 6,371,229.0 m","gridUnits":"degrees","resolution":48,"winds":"true","scanMode":0,"nx":360,"ny":181,"basicAngle":0,"lo1":0,"la1":90,"lo2":359,"la2":-90,"dx":1,"dy":1}, "data":
[rows 0 to 26 of 181, columns 59 to 117 of 360]
101439.74,101439.74,101439.74,101439.74,101439.74,101439.74,101439.74,101439.74,101439.74,101439.74,101439.74,101439.74,101439.74,101439.74,101439.74,101439.74,101439.74,101439.74,101439.74,101439.74,101439.74,101439.74,101439.74,101439.74,101439.74,101439.74,101439.74,101439.74,101439.74,101439.74,101439.74,101439.74,101439.74,101439.74,101439.74,101439.74,101439.74,101439.74,101439.74,101439.74,101439.74,101439.74,101439.74,101439.74,101439.74,101439.74,101439.74,101439.74,101439.74,101439.74,101439.74,101439.74,101439.74,101439.74,101439.74,101439.74,101439.74,101439.74,101439.74
101508.55,101508.55,101506.945,101505.34,101503.74,101502.14,101500.55,101498.945,101497.34,101497.34,101495.74,101494.14,101492.55,101492.55,101490.945,101489.34,101487.74,101486.14,101486.14,101484.55,101482.945,101481.34,101479.74,101478.14,101476.55,101474.945,101473.34,101471.74,101471.74,101470.14,101468.55,101468.55,101466.945,101465.34,101463.74,101462.14,101460.55,101458.945,101457.34,101457.34,101455.74,101454.14,101452.55,101452.55,101450.945,101449.34,101449.34,101447.74,101446.14,101444.55,101444.55,101442.945,101441.34,101439.74,101439.74,101438.14,101438.14,101436.55,101434.945
101470.14,101466.945,101463.74,101460.55,101457.34,101454.14,101450.945,101447.74,101444.55,101441.34,101438.14,101434.945,101431.74,101428.55,101425.34,101420.55,101417.34,101415.74,101412.55,101409.34,101406.14,101402.945,101401.34,101398.14,101396.55,101393.34,101390.14,101388.55,101385.34,101382.14,101380.55,101378.945,101377.34,101374.14,101372.55,101370.945,101369.34,101367.74,101366.14,101364.55,101362.945,101361.34,101359.74,101358.14,101356.55,101354.945,101353.34,101353.34,101351.74,101351.74,101350.14,101350.14,101350.14,101348.55,101348.55,101348.55,101348.55,101348.55,101348.55
101372.55,101366.14,101359.74,101354.945,101350.14,101345.34,101338.945,101334.14,101327.74,101322.945,101316.55,101313.34,101308.55,101305.34,101302.14,101297.34,101295.74,101292.55,101289.34,101287.74,101286.14,101284.55,101281.34,101279.74,101278.14,101276.55,101274.945,101273.34,101271.74,101270.14,101268.55,101266.945,101266.945,101265.34,101265.34,101263.74,101263.74,101263.74,101262.14,101262.14,101262.14,101262.14,101262.14,101262.14,101262.14,101262.14,101262.14,101262.14,101263.74,101263.74,101265.34,101265.34,101266.945,101266.945,101268.55,101268.55,101270.14,101271.74,101273.34
101292.55,101287.74,101282.945,101278.14,101273.34,101268.55,101263.74,101258.945,101255.74,101250.945,101246.14,101241.34,101236.55,101231.74,101226.945,101222.14,101218.945,101214.14,101209.34,101206.14,101201.34,101196.55,101193.34,101188.55,101185.34,101180.55,101177.34,101172.55,101169.34,101166.14,101162.945,101161.34,101158.14,101156.55,101154.945,101153.34,101153.34,101151.74,101151.74,101151.74,101151.74,101153.34,101153.34,101154.945,101154.945,101156.55,101158.14,101159.74,101162.945,101164.55,101167.74,101169.34,101172.55,101175.74,101178.945,101182.14,101186.945,101190.14,101193.34
101236.55,101230.14,101220.55,101212.55,101204.55,101196.55,101188.55,101180.55,101170.945,101161.34,101151.74,101143.74,101132.55,101124.55,101114.945,101106.945,101098.945,101090.945,101081.34,101074.945,101066.945,101060.55,101054.14,101049.34,101044.55,101041.34,101036.55,101033.34,101030.14,101026.945,101025.34,101023.74,101022.14,101022.14,101022.14,101022.14,101022.14,101022.14,101022.14,101023.74,101025.34,101026.945,101028.55,101031.74,101033.34,101036.55,101041.34,101046.14,101050.945,101057.34,101062.14,101068.55,101074.945,101081.34,101087.74,101095.74,101102.14,101110.14,101116.55
101153.34,101140.55,101127.74,101114.945,101100.55,101087.74,101074.945,101062.14,101047.74,101034.945,101022.14,101007.74,100996.55,100983.74,100972.55,100959.74,100948.55,100938.945,100929.34,100921.34,100914.945,100906.945,100900.55,100897.34,100894.14,100890.945,100889.34,100887.74,100886.14,100884.55,100882.945,100882.945,100882.945,100882.945,100884.55,100886.14,100889.34,100892.55,100897.34,100902.14,100906.945,100911.74,100916.55,100922.945,100929.34,100935.74,100943.74,100951.74,100959.74,100967.74,100975.74,100985.34,100994.945,101002.945,101012.55,101023.74,101033.34,101044.55,101055.74
101052.55,101034.945,101014.14,100996.55,100975.74,100956.55,100938.945,100919.74,100903.74,100886.14,100870.14,100854.14,100839.74,100825.34,100814.14,100801.34,100791.74,100780.55,100772.55,100764.55,100756.55,100750.14,100745.34,100740.55,100737.34,100735.74,100732.55,100730.945,100730.945,100730.945,100732.55,100732.55,100734.14,100738.945,100743.74,100748.55,100753.34,100759.74,100766.14,100772.55,100778.945,100786.945,100793.34,100799.74,100807.74,100815.74,100823.74,100831.74,100841.34,100850.945,100862.14,100873.34,100889.34,100902.14,100918.14,100932.55,100948.55,100964.55,100978.945
100921.34,100916.55,100895.74,100874.945,100854.14,100834.945,100814.14,100794.945,100775.74,100758.14,100742.14,100726.14,100711.74,100697.34,100684.55,100673.34,100662.14,100652.55,100641.34,100631.74,100622.14,100612.55,100602.945,100596.55,100590.14,100583.74,100578.945,100572.55,100569.34,100567.74,100567.74,100569.34,100572.55,100577.34,100582.14,100588.55,100598.14,100606.14,100615.74,100625.34,100634.945,100646.14,100655.74,100665.34,100676.55,100689.34,100703.74,100716.55,100730.945,100743.74,100756.55,100770.945,100786.945,100802.945,100822.14,100841.34,100862.14,100884.55,100906.945
100209.34,100793.34,100710.14,100724.55,100607.74,99662.14,99726.14,100618.945,100655.74,100633.34,100615.74,100596.55,100582.14,100566.14,100553.34,100543.74,100534.14,100524.55,100518.14,100508.55,100478.14,100452.55,100482.945,100474.945,100462.14,100449.34,100439.74,100431.74,100422.14,100409.34,100399.74,100354.945,99969.34,100380.55,100342.14,100210.945,99855.74,99871.74,100430.14,100497.34,100510.14,100519.74,100530.945,100540.55,100551.74,100562.945,100577.34,100591.74,100607.74,100623.74,100641.34,100662.14,100682.945,100708.55,100732.55,100758.14,100785.34,100812.55,100841.34
100674.945,100673.34,100657.34,100634.945,100610.945,100588.55,100562.945,100540.55,100518.14,100495.74,100473.34,100454.14,100434.945,100417.34,100401.34,100385.34,100369.34,100358.14,100348.55,100338.945,100332.55,100326.14,100322.945,100321.34,100319.74,100322.945,100326.14,100329.34,100329.34,100329.34,100327.74,100321.34,100140.55,99641.34,99351.74,99721.34,99047.74,98311.74,95844.55,98514.945,99718.14,100258.945,100426.945,100436.55,100449.34,100463.74,100479.74,100495.74,100514.945,100534.14,100554.945,100577.34,100601.34,100625.34,100652.55,100678.14,100702.14,100730.945,100761.34
100553.34,100529.34,100505.34,100481.34,100457.34,100433.34,100412.55,100391.74,100370.945,100346.945,100321.34,100298.945,100276.55,100257.34,100236.55,100215.74,100198.14,100180.55,100162.945,100150.14,100142.14,100135.74,100130.945,100126.14,100126.14,100126.14,100127.74,100129.34,100134.14,100135.74,100138.945,100146.945,100156.55,100169.34,100183.74,100202.945,100015.74,99417.34,99423.74,97188.55,93502.14,98983.74,99383.74,96910.14,98129.34,98378.945,100322.945,100410.945,100439.74,100466.945,100492.55,100514.945,100537.34,100561.34,100585.34,100607.74,100631.74,100662.14,100690.945
100404.55,100386.945,100370.945,100353.34,100335.74,100318.14,100298.945,100278.14,100255.74,100231.74,100204.55,100175.74,100142.14,100110.14,100082.945,100058.945,100039.74,100023.74,100006.14,99991.74,99982.14,99974.14,99966.14,99958.14,99951.74,99945.34,99938.945,99937.34,99938.945,99943.74,99946.945,99948.55,99950.14,99956.55,99966.14,99983.74,100014.14,100049.34,100081.34,100113.34,100143.74,99950.14,100159.74,100266.945,100302.14,100340.55,100364.55,100380.55,100390.14,100422.14,100457.34,100476.55,100489.34,100513.34,100546.945,100582.14,100614.14,100639.74,100668.55
100324.55,100311.74,100298.945,100286.14,100276.55,100270.14,100265.34,100262.14,99815.74,99417.34,100138.945,100150.14,100118.14,100079.74,100047.74,100023.74,100010.945,100006.14,100009.34,100010.945,100009.34,100004.55,100001.34,99993.34,99986.945,99982.14,99977.34,99969.34,99964.55,99964.55,99954.945,99956.55,99958.14,99953.34,99948.55,99950.14,99958.14,99959.74,99988.55,100025.34,100065.34,100105.34,100103.74,99502.14,98740.55,99343.74,99788.55,99594.945,99754.945,100361.34,100383.74,100422.14,100452.55,100476.55,100511.74,100551.74,100594.945,100642.945,100697.34
100362.945,99868.55,97006.14,93038.14,92854.14,93009.34,94284.55,97905.34,99900.55,100239.74,100222.14,100220.55,100218.945,100196.55,100159.74,100138.945,100127.74,100114.945,100100.55,100087.74,100079.74,100073.34,100070.14,100068.55,100070.14,100082.945,100087.74,100087.74,100089.34,100089.34,100090.945,100086.14,100090.945,100094.14,100060.55,99343.74,98329.34,99369.34,99732.55,99162.945,99082.945,99878.14,99633.34,99103.74,98743.74,97554.945,96732.55,96809.34,95641.34,94102.14,94652.55,95417.34,97220.55,99406.14,100188.55,100575.74,100679.74,100729.34,100774.14
93620.55,97412.55,100262.14,100447.74,100434.945,100417.34,100399.74,100385.34,100375.74,100364.55,100348.55,100327.74,100306.945,100282.945,100263.74,100249.34,100246.14,100242.945,100239.74,100230.14,100209.34,100185.34,100186.945,100194.945,100210.945,100225.34,100241.34,100255.74,100226.945,99788.55,99014.14,98726.14,97738.945,97116.55,97004.55,97038.14,98062.14,98622.14,98726.14,98014.14,98151.74,99284.55,98252.55,96903.74,97134.14,99407.74,98830.14,99132.55,98924.55,98439.74,97884.55,97753.34,98223.74,99534.14,100471.74,100703.74,100745.34,100794.945,100841.34
100569.34,100566.14,100556.55,100551.74,100550.14,100543.74,100532.55,100519.74,100505.34,100495.74,100482.945,100468.55,100452.55,100433.34,100415.74,100404.55,100401.34,100398.14,100390.14,100380.55,100372.55,100372.55,100369.34,100372.55,100375.74,100356.55,100394.945,100401.34,100313.34,100046.14,98764.55,98418.945,98473.34,98945.34,97956.55,97230.14,96342.14,96303.74,98916.55,99350.14,99041.34,99038.14,99374.14,99308.55,99086.14,99258.945,98972.55,99518.14,99234.945,99282.945,100249.34,100380.55,100591.74,100647.74,100630.14,100714.945,100766.14,100807.74,100841.34
100663.74,100663.74,100658.945,100647.74,100638.14,100638.14,100638.14,100638.14,100636.55,100636.55,100634.945,100614.14,100574.14,100583.74,100575.74,100572.55,100572.55,100582.14,100585.34,100580.55,100551.74,100567.74,99807.74,97668.55,97639.74,98642.945,99478.14,99495.74,99830.14,100046.14,99522.945,99681.34,99943.74,99388.55,99465.34,99332.55,99745.34,99562.945,99170.945,99226.945,99130.945,99278.14,99204.55,99601.34,99474.945,99742.14,99876.55,100276.55,99998.14,99879.74,100130.945,100225.34,100266.945,100276.55,100276.55,100540.55,100516.55,100287.74,99942.14
100791.74,100791.74,100786.945,100774.14,100772.55,100783.74,100790.14,100782.14,100770.945,100769.34,100564.55,100329.34,100418.945,100412.55,100698.945,100703.74,100566.14,100689.34,100609.34,100655.74,100454.14,100482.945,100658.945,100692.55,100057.34,99988.55,100214.14,99876.55,99866.945,99921.34,100111.74,100145.34,99590.14,99860.55,99740.55,99436.55,99444.55,99905.34,99439.74,99457.34,99703.74,99577.34,99594.945,100146.945,100084.55,99033.34,99054.14,97319.74,97134.14,96972.55,97631.74,98663.74,99954.945,99257.34,99220.55,99841.34,99740.55,99802.945,99815.74
100994.945,100991.74,100977.34,100966.14,100950.14,100929.34,100911.74,100892.55,100761.34,100650.945,100495.74,100246.14,100367.74,100668.55,100817.34,100513.34,100458.945,100569.34,100582.14,100708.55,100535.74,100335.74,100126.14,100338.945,100665.34,99596.55,99921.34,99682.945,99465.34,99722.945,99666.945,99935.74,99934.14,100018.945,99919.74,100034.945,100100.55,100054.14,99954.945,100030.14,99882.945,99700.55,99319.74,97138.945,96930.945,96238.14,95785.34,95668.55,96215.74,95254.14,95033.34,95271.74,96442.945,98686.14,99007.74,99338.945,98982.14,99370.945,99394.945
100607.74,100612.55,101127.74,101114.945,101102.14,101079.74,101050.945,101028.55,100946.945,100572.55,100588.55,100482.945,100615.74,100782.14,100878.14,100554.945,100314.945,100322.945,100145.34,100260.55,100447.74,100054.14,100322.945,100383.74,100578.945,100233.34,99986.945,100055.74,99302.14,99791.74,96876.55,94017.34,92665.34,90079.74,90370.945,91514.945,93809.34,94732.55,93479.74,93366.14,93898.945,95428.55,96735.74,96018.945,97353.34,96476.55,95878.14,94212.55,94705.34,93914.945,92302.14,94308.55,96985.34,98876.55,99033.34,99239.74,99102.14,99311.74,99033.34
101294.14,101290.945,100974.14,98948.55,98510.14,100375.74,100074.945,100674.945,101137.34,101118.14,100910.14,100764.55,100508.55,100674.945,100929.34,100846.14,100850.945,100766.14,100722.945,100276.55,99903.74,100017.34,100122.945,99753.34,99782.14,99966.14,99711.74,99956.55,99158.14,95841.34,98863.74,94631.74,94375.74,91241.34,88617.34,89793.34,87044.55,87537.34,89263.74,89167.74,91726.14,94705.34,95758.14,96759.74,97433.34,98329.34,97774.14,97186.945,97217.34,97084.55,96788.55,97025.34,97380.55,97727.74,98050.945,98447.74,98505.34,98729.34,98470.14
99695.74,100500.55,99490.945,99487.74,100281.34,98834.945,98474.945,95086.14,97711.74,100510.14,100748.55,100503.74,100569.34,100513.34,100718.14,100913.34,100559.74,100506.945,100618.945,100633.34,100297.34,100082.945,99988.55,99529.34,99841.34,99553.34,99006.14,99489.34,99108.55,99465.34,97916.55,94374.14,93599.74,94002.945,92359.74,90918.14,90574.14,91250.945,90994.945,91329.34,93300.55,92895.74,96502.14,98087.74,97598.14,96766.14,97012.55,96938.945,97391.74,97529.34,97671.74,97303.74,97049.34,97858.945,97015.74,97695.74,98031.74,98807.74,98814.14
100006.14,99876.55,100036.55,100025.34,99801.34,99681.34,96910.14,96041.34,98870.14,100577.34,100718.14,100641.34,100705.34,100903.74,100892.55,100514.945,100001.34,100084.55,100423.74,100454.14,99910.14,100282.945,100359.74,100028.55,99591.74,99412.55,99526.14,99490.945,99372.55,98490.945,98254.14,97662.14,95913.34,93798.14,93942.14,92794.945,92294.14,93998.14,91159.74,92450.945,92223.74,93766.14,95561.34,94457.34,95230.14,95681.34,95495.74,95033.34,96226.945,96490.945,96927.74,97593.34,96750.14,96319.74,97058.945,96087.74,96498.945,97001.34,97258.945
99750.14,100577.34,99508.55,98982.14,95703.74,100354.945,100452.55,100785.34,100730.945,100510.14,100414.14,100214.14,100361.34,100622.14,100324.55,99906.945,99831.74,99583.74,100015.74,100204.55,99769.34,99745.34,99874.945,99860.55,99702.14,99353.34,99346.945,99511.74,99606.14,99086.14,97127.74,95810.945,96426.945,96095.74,95169.34,93175.74,93786.945,93986.945,92393.34,94462.14,94577.34,94865.34,94543.74,93929.34,94180.55,95465.34,95241.34,95002.945,94922.945,94626.945,93417.34,93466.945,94319.74,95290.945,95849.34,96271.74,97207.74,97191.74,97590.14
96273.34,90014.14,93226.945,98817.34,99612.55,100340.55,100902.14,100727.74,100526.14,100161.34,100098.945,99935.74,99961.34,100049.34,100127.74,100038.14,99690.945,99498.945,99873.34,99823.74,99554.945,99682.945,99602.945,99433.34,99129.34,98644.55,98500.55,98826.945,99390.14,98855.74,95791.74,95426.945,95258.945,94338.945,96002.945,96530.945,94430.14,95111.74,93814.14,93649.34,95110.14,94793.34,95263.74,96145.34,95495.74,94295.74,95439.74,94822.14,95994.945,95836.55,96340.55,95922.945,95199.74,96295.74,95494.14,96985.34,97593.34,98062.14,98722.945
97044.55,96566.14,100546.945,100201.34,99492.55,100329.34,100809.34,100842.945,99854.14,99826.945,99871.74,99516.55,99505.34,99455.74,99628.55,99098.945,99206.14,99407.74,99310.14,99390.14,99314.945,99230.14,99009.34,99078.14,98641.34,98746.945,98671.74,98604.55,99386.945,98866.945,96639.74,95863.74,95692.55,95276.55,96490.945,97095.74,96850.945,96655.74,94550.14,96450.945,95185.34,96206.14,95916.55,96215.74,97407.74,96055.74,96217.34,96914.945,97295.74,96522.945,96815.74,96788.55,96284.55,96346.945,96906.945,96812.55,97452.55,98183.74,99170.945
