demo/data/weather/current/current-relative_humidity-surface-level-gfs-1.0.json
{"header": {"discipline":0,"disciplineName":"Meteorological products","gribEdition":2,"gribLength":68913,"center":7,"centerName":"US National Weather Service - NCEP(WMC)","subcenter":0,"refTime":"2023-06-08T06:00:00.000Z","significanceOfRT":1,"significanceOfRTName":"Start of forecast","productStatus":0,"productStatusName":"Operational products","productType":1,"productTypeName":"Forecast products","productDefinitionTemplate":0,"productDefinitionTemplateName":"Analysis\/forecast at horizontal level\/layer at a point in time","parameterCategory":1,"parameterCategoryName":"Moisture","parameterNumber":1,"parameterNumberName":"Relative_humidity","parameterUnit":"percent","genProcessType":2,"genProcessTypeName":"Forecast","forecastTime":0,"surface1Type":100,"surface1TypeName":"Isobaric surface","surface1Value":100000,"surface2Type":255,"surface2TypeName":"Missing","surface2Value":0,"gridDefinitionTemplate":0,"gridDefinitionTemplateName":"Latitude_Longitude","numberPoints":65160,"shape":6,"shapeName":"Earth spherical with radius of 6,371,229.0 m","gridUnits":"degrees","resolution":48,"winds":"true","scanMode":0,"nx":360,"ny":181,"basicAngle":0,"lo1":0,"la1":90,"lo2":359,"la2":-90,"dx":1,"dy":1}, "data":
[rows 114 to 151 of 181, columns 0 to 85 of 360]
63.2,64,63.5,64.8,64.9,63.8,65.5,63.4,64.6,64.7,61.5,63.8,62.4,81.6,84.7,66.9,20.6,16.4,20.5,24.1,28.9,25.5,25.3,35.4,33.2,46.5,47,69.7,65.7,61.8,36.4,53.1,59.5,80,81.9,81.5,73.5,72,71.1,74.9,72.6,76.3,72.4,67.1,45.8,56,51,80.5,76.9,72.8,68.8,70.6,76.9,73.8,67.8,66.5,71.6,64.1,61.2,61.5,76.2,76.9,73.7,66.5,63.9,59.8,66.6,65,71.4,61.3,57.4,65.4,65.1,73.4,62.7,63.4,59.6,57.3,60.2,66.7,67.8,64.1,66,67.5,67.9,66.2
62.7,62.4,62.2,63.2,63.4,64.5,61.9,61.9,61.8,60.2,70.7,66.2,63.8,63.5,87.7,73.6,33.6,37.9,24.8,18.8,19.7,17.4,17.6,26.6,33.3,37.9,65.1,60.4,54.9,50.9,49.8,43.3,49.3,67.4,80.4,82,76,75,73.8,77.1,75.6,78,78.6,80.2,69.3,52.5,59.3,74.8,75.5,78.9,69.1,75.8,79,72.5,78.7,75.3,71.4,76.1,69.8,70.9,74.8,75.9,76.6,69.8,65.5,62.8,71.2,71.7,74.6,69,68.8,71.7,72.6,72.2,62.3,61.1,58.6,56.4,56.5,70.6,69,75.7,75.9,73.9,74.5,66.6
62.3,62.2,60.4,61.9,60.5,67,62.5,61.8,63.1,63.3,61.9,59.2,62.2,64.5,81.7,76.3,77.9,63.2,65.1,51.1,54.7,41.4,25.9,18.5,32.7,40,62,64.6,56.6,60.1,53.9,54.2,44,62.5,75.7,79.6,77.3,79.7,78.9,78.2,78.3,81.3,79.5,79.7,81.6,77.9,83,80.8,81.1,76.9,68.6,76.8,76.6,73.3,71.6,75.8,75.8,76.8,70.6,75.6,76,71.1,69,68.8,66.5,63.1,76.4,75.5,74.7,67.5,67.2,66.9,75.6,75.2,66.7,63.9,74.2,65,68.3,66.9,59.9,62.5,70,74.9,76.9,76
59.7,60.5,61.8,62.2,59.9,60.9,59.5,62.5,62.6,62.8,61.8,65.7,71.3,65.9,58.5,87,73.1,87.1,73.8,66.8,77.8,68.3,44.6,15.2,33.6,43,57.7,55,54.4,55.7,66.6,56.4,49.2,60.6,73.1,84.1,84,86,82.3,79,79.2,79.9,80.3,83.3,85.4,85.2,85.1,81.3,78.1,77.4,75.9,79.3,78.6,79.1,76.5,74.8,75.5,71.1,82.7,74.2,73.8,71.5,73.1,70.6,66.9,72.8,68.9,77.2,77.7,73.8,71.9,69.9,72.5,69.4,67,70,65.3,81.4,69.5,65.4,59.8,53.2,59.6,63.2,69.1,75.1
62.2,62,61.9,59.7,61,60.3,61.2,61.4,62.7,64.8,68.9,66.1,65.5,64,67.9,57.9,77.3,61.6,73.7,85.1,90.9,76.3,67.8,33.7,24.8,33.2,50.8,66.6,64.5,62.5,59.8,51.8,40.5,61.8,73.7,83.2,88.3,86.8,82.8,79.8,80.3,78.6,83.6,83.2,85.3,87.6,85,83.9,83.8,83.2,84.2,81.9,82.8,83.1,85,82.9,76.7,78.2,72.2,75.5,79.5,74.9,74.3,77.6,81.5,79.2,74.2,74.9,73.4,73.7,72.6,73,69.8,65.4,67.3,59.9,64.7,60.1,63.7,55.4,69.7,63,59.9,58.6,59.6,64.6
61.3,62.3,60.5,56.8,62.6,61.2,60.5,61.2,59.3,79.9,81.9,81.7,77.6,76.8,79.5,71.9,64.7,80.7,75.3,77.6,75.6,86.9,79,79.6,66.6,47.7,28.8,82.2,67.9,53.1,56.9,51.2,57.8,68.5,75.5,82.9,88.8,88.6,83.5,79.7,77.7,78.2,81.2,83.8,78.1,82,87.8,89.2,87.7,85,84.4,81.2,79.9,84.3,86,86.2,84.1,86.6,83.7,80.7,73,84.8,80.3,73.5,79.3,84.5,79.7,76.2,66.7,68.5,74.2,76,70.9,68.2,73.4,59.6,65.7,58.6,54.1,54.8,60.5,58.8,61.3,57.8,59.6,61.5
61.6,61,61.5,64.1,58,57.7,59.3,78.7,85.3,83.6,86.1,89.5,85.9,82,83.5,83.2,83.6,81.9,85.8,72.1,79.7,78.9,90.1,80.4,80.4,67.6,36.6,70.6,62.2,32.6,50.9,72.4,75.9,72.6,76.3,81.7,87.8,89.8,86,84,83.6,86.1,87.4,82.6,84.4,83.5,85.7,86.8,85.3,78.3,69.8,76,78.3,79.6,77.5,72.5,86.5,83.5,87.2,87.1,87.9,77.1,85.2,85.5,79.6,75.7,85.2,84.3,78.5,77.4,69.8,76,73.4,71.5,59.8,72.8,66.2,65.9,57,56.7,64.2,56.3,65.2,63.4,61.2,66
63.9,61.8,65.2,60.5,60.8,60.6,80.4,83,78.5,80.1,83.1,89.3,90.4,89.4,91.2,88.3,84.4,87.1,84.8,73.2,85.1,86.3,87,95.9,88.1,85.3,55.1,38.6,64.3,44.4,47.2,61.6,80.8,77,80.2,83.5,86.6,91.8,88.8,86.8,90,88.7,90.2,84,86.3,85.6,78.9,77.5,81.1,81.4,77.4,72.9,73.8,74.1,74.2,76.1,80.6,82.3,87.8,89,86.3,82.8,88.1,84.6,83.2,81.9,78.2,83.3,80.3,77.6,76.9,76.5,76.3,77,73.8,75.9,67.6,64.6,67.6,65.4,60.6,61.3,59.5,64.8,59.4,60.7
65.3,63.7,57,60.8,56.7,68.4,82,76,75.4,74.7,78.7,82.7,83.8,89.4,92.4,91.2,88.5,86.4,97.4,83.2,84.4,79,83.8,74.9,89.4,76.1,58.6,39.6,31.3,32.9,65.1,74.1,74.5,85.6,87.9,88.8,89.5,91.8,88.6,87,80.2,85,87.8,85.8,83.5,77.7,73,76.8,78.5,75.8,72.8,68.6,67.5,70.9,68.3,69,70.2,72.6,76.3,77.3,77.4,75.8,78.9,81.9,86.8,95.1,85.8,86.7,84.7,84.7,82.1,79.9,82.4,80.5,80.6,78.2,73.8,72,65.6,64.1,62.4,59.6,66.1,64.7,64.3,65.6
67.9,64.3,59.5,57.4,70.9,82.7,79.6,77.5,79.3,82.6,81.9,81.8,79.8,81.9,83.8,87.5,85.7,90.3,90.8,91.2,87.8,77.1,67.1,76.7,64.9,56.8,44.2,40.2,38.8,63.5,67.4,68.5,69,87.2,92.4,90.2,89.4,91.5,89.1,88.5,86.9,80.6,88.7,86.6,82.4,75.3,76.4,69.6,72.8,66.3,70.5,69.3,61.8,61.2,61.9,66.1,63.4,61,68,78.3,78.5,76,73.4,72.8,76.4,79.3,80.4,82.1,82.2,87.2,89.3,87.3,86.3,87.4,85.2,82.1,81.4,78.8,72.3,68.2,68.7,63.6,68.6,71,76.4,71.3
68.1,65.2,62.8,57.4,75.1,80.6,78.6,77.4,77.3,77.1,70.2,75.3,78.2,77.2,79.9,80.9,87.5,87,88.6,96.7,76.7,70.6,70.8,74,63.6,60.2,60.5,61.8,66.2,67.3,77.6,74.7,79.6,84,94.3,88.4,90.3,92.2,91.6,90.7,89.2,90.3,89.4,85.5,83.3,81.3,68.7,64.6,68.4,73.4,67.5,64.9,64.9,65.9,71,65.6,66.4,68.9,73.6,73.4,69.4,64.9,69.2,67.1,75.1,73.7,74.4,80.1,80.5,80.7,80.4,77.8,75.6,92.3,83.1,82.4,86.9,88.3,83.2,76.4,75.6,74.7,74.7,64.3,74.6,74.4
71.4,66.2,66.9,71.9,78.2,71.7,74.4,68.8,61.1,68,63.3,62,71.5,69.9,75.7,82.4,87.4,94,87.4,90.6,70,71.4,69.8,69.7,61.5,68.1,64.6,60.4,58.9,56.9,68.9,68.4,84.7,82.9,85.9,93.4,93.7,93.5,94.4,92.3,92.1,91,91.7,86.1,85.3,72.8,66.1,71.6,72.4,72,71.7,62.1,61.7,63.3,65.3,65.4,67,69.4,55.4,55.1,57.2,66.2,59.1,60.3,68.1,70.8,78.8,72.8,73.6,77.2,83.5,87.2,86.8,80.3,78.8,85.7,91.2,92,90,87.3,83.2,80.9,75.5,74.9,73.6,72.7
71.9,67.6,61.9,76.9,70.5,62.8,58.7,58.6,59.3,60.8,62.3,61,62,65.4,74.9,78.8,80.4,91.6,88.8,89.2,77.5,72.8,65.3,67.3,64.5,60.5,59.1,60,59.1,64.6,82.1,84.6,87.9,72.9,76.4,96.8,92.3,96,97.2,94.6,94.3,96.1,92.3,87.6,87,72.8,71.8,75,70.1,73.5,75,71.5,59.5,71.4,60.8,62.9,78,74.2,71.8,57,57.8,66.9,63.2,62.2,66.4,70,67.7,66.5,64.5,66.7,65.4,73.6,74,79.3,82.3,91.8,89.6,82.6,97,92.1,90.2,87,84.1,81.1,75.7,76.6
76.4,73.3,80.5,70.6,67.8,60.9,60.5,61.5,61.1,62.8,61.8,60.8,59.7,59.6,59.9,66.8,75.2,85.3,85.3,82.4,82.5,73,66.5,71.3,77.2,70.7,63.8,59,69,69.4,86.3,91.4,99.3,92.9,78.6,75.6,96.1,97.6,98.7,97.3,97,95.5,91.4,87,84,74.9,70,65.5,72.7,69.9,73.1,69.8,65.9,68.9,66.7,73.1,71.3,63.9,75.3,56.1,54.9,62,59.8,64.6,63,62.7,63.7,69.6,71.4,66.2,71.4,75.7,77,72.9,77.9,77.8,79.5,79.5,89.2,83.7,94.9,93.5,90.3,86.9,84.2,80.8
79.1,78.1,75.6,69.4,62.5,62.7,65.1,65.5,63.2,63.3,60.9,60.3,59.6,59.1,58.4,56.1,62.8,79,84.9,86.2,85.1,75.7,83.7,84.7,73,72.5,70.2,71.3,67.1,69.4,69.9,67.5,75,76.6,86.5,86,80.2,75,89.2,98.8,96.6,95.3,91.3,86,83.7,78.9,67.5,72.9,68.9,68.7,69.7,76.4,75.1,69,72.5,72.7,72.4,68.5,75,59.2,55.7,69.6,64.5,63.8,68.3,67,69.1,66.8,68.5,70.7,72.4,68.1,68.8,76.7,77.8,75.7,82.4,79,72.1,80.6,85.8,84.8,95.2,92.8,90.1,87.7
88.5,75.1,72,67.9,64.9,64.8,63.1,63.6,64.2,63.8,62.2,59.3,58.3,58,58.7,58.6,57.5,59.5,62.8,75.5,81.9,85.6,83.7,88.2,86.9,94.6,78.2,76.2,69.5,71.5,72.4,77.2,78.4,82.9,81.7,76.3,88,91.6,89.1,86,95.1,92.4,90.5,88.9,86.1,80.6,75.5,73.4,73.4,71.8,74.3,69.1,71.9,72.8,77.1,76,73.2,73.5,75.3,75.2,72.3,72.4,68.1,65.2,70.7,66.1,68.1,72.9,75.3,69.7,69,73.2,69.9,68.6,69.5,70.7,71,74.9,80.9,81.4,79.1,79.9,86,84.8,91.1,92
90.3,81.7,75.8,75.2,68.5,66.5,66.7,67.2,66.6,63.2,63.1,61.7,60.2,58,59.3,59.2,59.1,60.2,60.3,63.6,63.5,66.7,76.7,83.6,86.3,85.9,91.4,84.9,81.8,79.6,78.2,79.4,81.7,76.9,89.4,88.4,96.2,98.8,93,93.1,97.5,95.6,95.3,92.7,88.4,84.6,79,75,72,70.6,71.1,73.5,69.9,70.1,75.3,76.8,70.6,74.2,76.7,79.5,83.2,78.9,76.9,70.2,72.6,77.3,77,72.3,77.6,74,77.3,77.8,74,70.3,68.5,67.5,73,72.5,75.4,78.3,79,77.5,79.4,85.3,84.5,86.1
89,81,77.7,73.4,68,67.7,69,70.2,69.8,66.5,63,62.4,61.5,61.7,61.6,60.1,59.4,61.7,60.4,61.1,61.8,61.6,62,65.6,72.9,69.9,81.7,86.3,83.5,80.3,81.5,82.8,83.8,80.8,84.1,85.5,88.2,85.1,79.1,86.8,89.9,92.4,89.9,96.5,94.2,89.8,84.3,79.9,80,81.1,81.9,82.4,79.7,76.7,74.2,78.3,82.9,83.8,78.7,76.8,89.2,86.1,83.5,70,73.3,82.2,83.3,80.9,80.9,75.1,77.8,70.9,64.8,66.1,69.4,69.8,71.2,71.8,75.9,76.7,76.6,77,75.9,80.7,80.8,81.6
85.4,79.1,77.1,73.4,70.6,69.3,68.8,70,68.4,66.1,65.2,63.7,60.4,62.9,61.3,61.7,60.1,57.6,60.5,63.8,61.8,61.7,61.6,63.1,63.7,66,64.7,63,65,68.3,73.7,76.1,83.4,78.1,81.8,86.5,89.9,87.7,84.4,79.7,84.5,90.4,92.2,93.9,97.2,99.6,98.1,99.9,88,88.8,88.4,90.2,85.9,83.4,76.6,81.1,84.7,82.6,83.2,83.3,80.3,82.1,83.5,83,82.8,80.8,82.9,80.7,78.2,77.4,79.5,69,72.6,73.3,70,75.4,77.3,81.3,81.9,83,80.3,78.9,76.6,77.4,74.5,83.3
81.5,77.4,76.7,73.4,68.4,66.1,67.8,68,65.9,64.7,62.8,62.4,64,62.4,63.9,62.8,61.9,60.1,61.9,61.3,62.4,62.8,61.7,58.6,59.4,60.5,59.7,60.3,59.2,60.7,59.1,62.5,65.6,71.5,73.2,74.7,77.3,88.4,85.4,84.2,84.8,80.6,77.1,79.5,85,88.6,91.8,94.6,97.2,98.6,99.5,99.9,100,99.2,95.3,91.1,89.3,88.2,82.2,85.4,85.5,86.3,86.4,84.9,87,87.8,85.7,87,80.4,79.1,75.1,75.2,73.4,62.3,70.5,72.6,75.4,76.9,77.2,82.5,83.4,83.5,84.5,82.7,81.3,78
83.6,77.4,74.6,72.4,69.4,65.9,67.9,67.4,68,70,70.7,63.5,67.8,68.9,65.4,59.4,58.6,60.8,61.5,60.1,59.5,61.4,62.5,57.2,60.9,61.5,60.4,58,55.1,58.8,56.9,61.3,59.4,61.9,61.6,58.6,61.5,74.3,76.1,73.3,82,81.5,86.7,86.3,83.6,84.9,89.7,87.4,88.5,91.9,94.8,94.4,97.2,97.6,96.9,96.1,97,97,96.3,94.5,95.6,84.6,73,68.5,73.9,83.9,79.2,87,82.3,79.7,75.2,73,73.2,67.6,71.2,72.3,72.6,72.7,76.5,82.6,83.3,82.7,83.3,83.6,83.2,81.3
83.3,81.7,80.2,75.2,70.4,68.3,70.1,66.7,70.7,71.6,72.4,66.7,61.2,64.8,68.8,64,62.8,63.4,61.7,64.7,61.5,61.7,56.8,61.8,64.8,57.6,55.8,57,58.1,58.5,56.3,59.4,57.6,62.3,64.6,65.5,65,62.8,65.9,63.8,68.3,69.1,71.3,71.2,79.9,83.2,84.4,86.7,88.5,89.9,87.2,86.5,88.3,94.4,96.3,97.5,97.5,95.9,93.5,89.7,84.6,77.5,73.2,71.3,80.7,88.5,86.3,92.5,83,78.7,77.7,72.5,69.4,70.1,67.3,68.8,69.5,69.9,70.6,73.7,78.1,84.9,86.3,86,83.9,85.5
85.5,84.4,77.3,74,71.6,68.6,69.3,69.5,70.2,69.2,69.4,69.7,69.8,69.3,67.6,67.4,63.9,62.3,62.9,67.3,64.1,63.9,62.8,67.4,66.3,61.7,61.4,57,57.4,58.2,56.3,59.5,55.8,63.8,60.5,64.1,61.9,62.6,62.3,68.4,65.6,62,63.7,63.1,64.2,71.3,71.3,82.3,84.6,88.4,90.9,92,91.6,90.7,91.2,88.3,89.1,85.4,84.3,82,79.4,74.3,72.8,76.2,86,90.3,89.8,88.2,80.9,80.9,74,76.1,69.4,74,71.4,71.1,68.5,69.8,76.8,82.5,84.4,90,85.5,88.2,86.4,83.4
85.3,81.2,79.7,76.4,76.3,68.7,73.4,73.5,70.5,70.7,71.6,70.7,69.6,67.7,69.9,71.4,68.7,67.3,63.3,69.4,65.9,62.7,65.5,63.2,64,62.8,67,65.4,60.3,57.8,56.5,62.4,60.7,58.9,60.2,56.7,57,58.8,60.9,58.4,69.9,66,60.7,68.4,71,71.3,70.8,77.1,78.6,73.3,64.4,72,88.3,85.9,89.9,87.4,88.3,86.6,83.1,77.6,74.9,72.8,73.7,77,84.2,91.4,94.6,88.4,83.6,77.4,78.5,78.5,76.4,74.3,74,74.4,74.6,76.3,76.6,88.2,90.5,91.7,95.3,93.6,92.9,91.1
84.1,83.2,78.9,74.1,70.2,75.6,75.2,73.7,74.7,72.1,72.9,72.2,71,66.6,68.5,69.5,69.5,72.5,71.9,69.6,71.2,64.1,66.1,69.7,71.2,65.9,71.6,68.9,64.1,60.4,61.7,59.1,63.9,61.8,59.2,60.7,56,64.9,66.6,74.2,65.8,64.3,59.9,66.8,73.9,69.5,66.8,72.5,77.4,79,78.9,81.1,82,83.6,82.6,79.6,81.6,81.9,83.6,82.1,79.6,75.9,78.7,82.1,84.3,88.8,95.1,87.5,82.7,78.3,83.8,81.2,77.8,79.7,78.3,76.1,75.5,72.6,75.7,77,93.9,95.8,95.5,91.9,96.2,97.7
88,80.6,75.3,74.6,79,76.4,74.9,74.6,72.8,76.8,70.7,70.6,71.3,72.8,68.4,70.9,76.6,71.5,76.5,72,69.2,75,77.5,77,78.1,67.6,69.5,70.3,65.2,61.9,61.6,60,62.6,57.9,60.2,61.4,59.5,66.7,66.1,71.7,66.5,66.6,71.8,71.2,70.4,73.5,65.7,62.6,67.7,72.8,73,71,68,74.3,80.9,81.4,80.2,81,77.1,77.5,87.2,73.9,75,80.8,83.9,81.3,92.8,93.6,87.1,85.6,79.4,78.8,82.2,76.3,75.3,71,73.4,72.8,75.9,75.3,73.3,89.7,95.1,95.4,95.4,95.6
82.5,78,71.6,74.7,76,74.3,78.6,73.5,70.3,70.9,71.6,75.6,79.4,73.1,77.6,76,76.7,75.9,77.7,83,80.7,75.7,73.9,77.2,76.6,77,75.4,73.4,75.3,65.4,65.4,65.7,70.9,72.8,74.1,68.9,71,67.8,68.6,60.6,60.6,62.9,67.2,70.8,69.3,68,69.4,60.2,57.2,61.7,63.4,64.6,64.7,60.4,66.4,73.1,77.9,77.7,74.5,73.9,75.4,77.1,70.5,72.8,78.7,79.7,82.5,96.3,98,91.7,75.5,82,80.1,76.6,74,69.7,69.8,69,70.1,69.3,70.6,68.9,71.6,76.8,83.2,86.6
80.3,76.2,71.8,64.8,77,76.8,71.5,76,77,78.9,76.7,79.1,80.1,81.3,79.2,80.3,76.5,73.5,75.7,80.1,83.3,80,78.8,78.1,78.5,79.3,79,78.6,79.3,71,70.7,74.9,72.3,71.8,69.4,68.5,62.3,65,71.7,70.7,73.1,74.6,71.5,71.6,70.3,68.1,67.2,65.8,66.6,67.3,62.5,61.8,67.2,68.6,69.1,66.3,66.1,58.8,68.6,73.8,74.8,85.1,97.9,73,74.1,73.9,82.6,95.9,97.3,97.9,97.1,83.6,78.6,76,69.4,64.5,65.8,65.1,64.1,62.1,61.1,60.3,60.6,60.1,60.7,63.3
78,74,75.5,73.6,73.6,73.1,76.3,70.4,70.2,77,75.6,75.9,82.4,85.8,84.5,82.3,81.2,82.3,81.8,84.7,88.4,90,92.6,94.1,95.1,93.7,93.1,89.7,94.3,89.9,89.8,85.2,80.8,80.8,79.7,71.1,67.9,70,71.6,72.5,74,72.4,71.4,72.8,72,75,74.7,73.4,71.7,67.4,62.1,63.8,64.1,66.5,68.3,66.6,66.8,64.9,68,73.5,75.5,82.5,78.8,76.8,77.1,72.8,78.8,86.9,96.9,96.9,97.7,97.9,93.2,73.4,66.8,65.3,66.2,65.9,67.3,67.4,67,67.2,65.5,60.8,59.3,58.6
65.7,73.6,71.1,76.3,78.7,77.9,79.6,81.9,84.1,85.6,85.6,85,83.5,84.4,81.5,85.1,87.9,90.2,92.9,93.1,93.6,94.1,94.4,94.2,94.7,94.4,94,94.3,89.5,88.3,90.1,90.5,85,84.2,84.9,78.4,67.4,68,69.7,72.7,74,74.1,73.2,72,71.5,70.8,71.7,72,73.1,72.7,70,65.6,66,66.6,64.4,64.6,65.5,64,65.7,68,73.4,72.9,75.7,74.7,73.4,76,77.8,84.1,96.9,96.7,96.9,98.2,87.5,70.4,67.9,65.9,65.3,66.4,67.3,70.2,70.4,70.5,70,65.5,62.7,61.9
82.1,83.9,87.2,90.8,90.4,90.6,93.7,94.6,95.6,94.4,94.8,91.1,83.4,85.2,88.4,89,89.9,92.4,92.4,92.9,92.7,92.4,92.9,94.2,94.9,95.1,94.8,93.4,89.8,86.4,80.2,87,80.1,78.9,83.3,68.1,63,59.7,59.1,63.6,66,65,61.3,59.6,70.4,76.5,76,73.3,72.6,71.6,69.9,70,68,65.2,66.8,62.6,66.1,66.6,60.1,61.1,67.3,70.1,72.5,74.1,76.1,74.1,78,83.3,96.9,96.6,96.8,99.8,88.6,69.3,70.2,66.7,64.6,65.2,67.3,70.6,69.4,69.9,68.5,66.8,67,63.2
97.9,97.6,96.2,97,97.4,94.9,91.8,91.8,86.6,84.2,87,89.4,89.8,90.8,90.2,89.8,90.1,88.7,88,88.8,91.5,93.7,94.4,94.2,95.7,94.6,93.1,92.3,89.8,85.7,85.7,81.7,77.4,77.6,70.3,56.9,69.1,60.9,56.4,52.9,57.1,58.3,58.8,60.9,63.1,70.5,73,76.6,76.2,75,72.8,74.2,75.5,74.2,72.3,75.4,65.9,68.7,61.8,61.6,67.6,71.1,73.3,75.5,76,75.6,81.2,89.9,97.8,96.8,96.8,98.1,83.7,71.6,67.7,69,66.1,67.5,66.9,69.7,71.7,75.8,71.6,68.5,66.4,67
98.9,95.7,91,83.6,81.9,76.7,79.6,85.1,84.1,85.4,88.7,86.6,88.7,89,91,84.8,84.8,88.1,89.3,89.1,87.7,87.4,88.7,93.7,92.1,87.5,84.9,73.7,73.1,78.2,91,66.2,61.4,74.9,66.8,57.5,57,54.5,51.8,55.8,55.2,61.2,63.7,57.3,59,62.7,69.4,74.5,76.2,75.5,76.1,75.2,73.9,73.7,76.7,69.3,67.1,66.8,70.3,72.2,76.2,75.4,71.1,73,74.8,77.6,83.8,87.9,96.8,97,97.1,97.4,80.5,84.3,74.3,69.5,71.1,67.2,68.5,74.2,78.4,73.1,70.2,69.2,70.3,69.1
85.9,85.5,67.9,75.2,85,88.2,87.3,86.5,83,87.4,87.2,88.9,87.2,74,74.9,76.3,76.3,79.7,87.9,86.5,90.8,88.1,86.4,80.7,76.1,73.2,68.9,69.7,67.7,58.6,58.5,56.7,60.9,50,54,52.4,52.2,51.7,59.6,62.8,63.7,67.6,69.6,69.3,68.7,67.1,55.8,63.9,76.1,75.1,75,76.2,76.6,75.8,75,75.2,73,70.9,66.4,70.9,74.9,78.2,73.2,75.6,74.8,76,88.3,93.4,97.1,97.4,97.6,92.8,90.1,82.2,77.8,77.5,75.9,72,72.1,80.2,77.7,77.4,74.8,70.2,68.3,73.1
82,81.1,83.3,81,84.6,88.2,84.4,80.5,79.3,76.8,78.6,67.2,59.7,55.6,54.3,52.4,50.5,51.3,52.2,55.8,55.7,56.9,53,52,51.7,50.4,51.2,47.7,46.2,45.6,48.9,51.7,51.4,52.7,54.5,51.6,56.2,61.7,64.5,62.3,67.7,70.8,72.5,73.6,71.3,63,59.9,64.1,68.5,69.2,71.7,74.6,69.5,75.4,76.8,76.7,75.7,74.9,75.7,76.1,76,76.7,74.8,76.4,80.9,83,85.1,97.4,97.4,97.8,97,90.5,89,83.1,82.4,80.6,78.9,78.1,84.7,82.1,74.6,75,79.2,80.8,82.5,75.5
77.4,84,87.2,77.1,76.3,72.1,60.7,56.8,54.8,52.1,51,50.6,48.7,47.1,47.3,47.5,49.1,50.4,51.8,53.3,54.1,53.6,53.9,53.6,54.9,55.6,55,54.7,55.7,55,55.3,55.2,61.5,58.9,64.9,65.7,61.7,63.7,67.7,67.4,67.6,70.7,75.2,69.4,57.6,59.8,55.3,58,54.8,60.1,64.5,67.4,69.4,74.7,77.4,77.6,78.2,75.7,74.3,76.1,79.2,81.9,80.6,79.6,77.9,94.7,97.2,98,97.6,95.7,92.7,89.5,94.2,93.6,83.8,82.3,81.6,89,84.8,75,76.4,79,80.6,81.8,81.7,81.4
78.4,66,61.6,60.2,59.7,57.5,54.3,53.2,52.1,50.8,49,48.3,48.9,55.8,56.6,54,55.7,59.6,60.2,58.1,57.3,57.5,56.4,59.5,59.3,58,57.3,57.6,57.4,61.6,59,58.5,58.6,60.7,65.6,69.6,70.6,70.5,70.7,69.3,69.6,69,69.3,66.5,62.6,56,55.4,56.6,66.2,63.3,70.1,69.7,69.1,73.4,77.8,78,78.4,75.7,76.5,78,80.8,84,82.3,85.3,91.9,97.6,97.6,97.6,95.8,96.1,91,87.5,88.3,96.7,85.6,89.2,83.2,78.7,77.6,78.6,81.1,82.1,82.1,83.6,89.2,84.5
62.6,61,60.4,60.3,57.7,55.2,54.8,53.3,51.8,51.8,53.2,54,52.6,52.9,53.7,54.4,54.3,61.6,65.1,63,64.1,62.8,60.2,60.2,57,55.9,58,58.2,56,57.8,56.4,60.9,72.5,69.4,69.7,73.1,79.5,83.9,84.5,85.3,83.3,87.7,81.7,72.2,74.7,60.7,59,65.2,58.5,67.2,65.3,65.5,73.2,77,78.8,78.8,77.8,78.1,79.1,84.2,86.6,84.5,85.4,96.5,98.1,97.8,96.7,96.4,97.2,97.4,96.8,93.6,94.2,95.4,85.7,81.4,80.5,79.8,81.1,82.5,87.5,95,88.1,77.5,66.2,68.3
