demo/data/weather/current/current-total_precipitable_water-surface-level-gfs-1.0.json
{"header": {"discipline":0,"disciplineName":"Meteorological products","gribEdition":2,"gribLength":98339,"center":7,"centerName":"US National Weather Service - NCEP(WMC)","subcenter":0,"refTime":"2023-06-08T06:00:00.000Z","significanceOfRT":0,"significanceOfRTName":"Analysis","productStatus":0,"productStatusName":"Operational products","productType":0,"productTypeName":"Analysis products","productDefinitionTemplate":0,"productDefinitionTemplateName":"Analysis\/forecast at horizontal level\/layer at a point in time","parameterCategory":1,"parameterCategoryName":"Moisture","parameterNumber":3,"parameterNumberName":"Precipitable_water","parameterUnit":"kg.m-2","genProcessType":0,"genProcessTypeName":"Analysis","forecastTime":0,"surface1Type":200,"surface1TypeName":"Entire atmosphere layer","surface1Value":0,"surface2Type":255,"surface2TypeName":"Missing","surface2Value":0,"gridDefinitionTemplate":0,"gridDefinitionTemplateName":"Latitude_Longitude","numberPoints":65160,"shape":6,"shapeName":"Earth spherical with radius of 6,371,229.0 m","gridUnits":"degrees","resolution":48,"winds":"true","scanMode":0,"nx":360,"ny":181,"basicAngle":0,"lo1":0,"la1":90,"lo2":359,"la2":-90,"dx":1,"dy":1}, "data":
[rows 27 to 53 of 181, columns 122 to 182 of 360]
12.935669,14.055669,14.313269,14.846068,14.969269,15.338869,15.626869,15.495668,15.281269,13.777268,13.388469,15.567669,17.783669,17.415668,17.98367,16.63967,11.505269,10.780469,9.255669,11.047668,10.994868,11.297269,12.185268,9.948469,11.498869,11.972468,12.306869,13.892468,17.87967,15.638069,13.879669,16.142069,15.690868,13.817268,12.878069,12.170869,11.146869,12.364469,12.676469,11.580469,12.137269,13.276468,13.202868,12.615668,13.012468,13.412469,13.054069,13.281269,13.207668,13.340468,13.436469,11.378869,10.398068,11.510069,9.671669,11.588469,12.154869,12.873269,13.553268,14.106869,14.521269
18.14367,19.655668,21.058868,21.518068,19.602869,19.03007,18.818869,19.62687,19.463669,18.746868,17.84767,18.206068,18.071669,17.586868,16.774069,13.775669,12.234869,12.465269,9.903668,8.954868,9.657269,8.217269,9.615668,9.884469,10.084469,11.513268,12.844469,13.257269,13.398068,13.684469,13.449268,12.559669,14.863668,14.297269,14.633268,12.527669,14.350069,15.207668,14.577269,13.313269,12.516469,12.895669,14.836469,14.236468,13.497269,13.626869,12.756469,11.286069,10.058868,8.641269,11.038069,12.903668,13.519669,13.518068,13.860469,14.788468,15.190069,15.292469,16.015669,16.969269,17.073269
20.80127,21.55807,20.21567,20.503668,19.849268,19.244469,19.151669,18.298868,16.310068,16.102068,16.092468,15.402869,16.51487,17.004469,14.369268,13.202868,13.578869,12.609269,14.116468,16.231668,14.950068,15.009269,13.850869,12.561269,13.762869,12.503669,11.831669,13.305268,13.073269,12.967669,12.942069,12.716469,13.042869,13.271668,13.572469,13.378869,13.204469,12.316469,13.940469,13.873269,13.895669,15.0364685,15.370869,13.802869,14.446069,15.414069,15.238069,14.322868,13.310069,11.985269,12.188469,14.002869,14.063669,14.372469,15.249269,16.21247,16.69567,16.850868,16.700468,16.311668,16.556469
22.09887,21.772469,22.311668,19.66047,18.20287,17.761269,17.503668,17.36287,16.943668,17.516468,17.75327,17.401268,18.607668,19.25887,18.217268,14.799668,16.561268,18.68607,17.924469,17.20127,17.561268,17.842869,15.895669,16.990068,17.97087,17.91487,19.199669,19.049269,16.130869,14.1916685,13.799668,18.40767,18.257269,13.7548685,12.660469,12.385269,12.044469,12.529269,13.673268,13.734069,13.794868,14.519669,16.222069,15.862069,16.494068,15.8236685,15.212469,15.028469,13.449268,13.306869,13.246069,14.321269,15.057269,15.633268,16.009268,16.321268,16.348469,16.298868,15.9788685,15.498869,15.334068
23.530869,21.31807,20.99647,23.31807,18.220469,17.084469,16.287668,17.350069,18.406069,19.15647,20.734068,20.633268,19.19007,21.102068,19.97087,18.828468,20.486069,19.954868,19.518068,20.966068,19.162868,19.52287,20.314869,20.15647,19.14527,18.745268,18.42047,18.009268,16.14527,14.226869,14.186869,15.398068,15.734069,13.794868,12.130869,11.650868,12.0652685,12.593268,13.566069,12.537269,12.366069,16.129269,15.270069,15.535668,14.719668,14.719668,13.950068,13.3868685,13.124469,13.950068,14.753269,14.698869,15.004469,15.070068,14.826869,14.404469,14.3868685,14.487669,14.476469,15.6284685,15.732469
20.108469,19.74207,20.334068,18.23647,13.794868,14.495668,15.302069,13.566069,14.246069,16.508469,16.23647,17.53727,16.292469,16.062069,16.910069,17.564468,17.302069,16.666868,16.74207,19.254068,19.372469,18.99647,18.90367,19.900469,18.90207,18.618868,18.07647,16.596468,15.316469,14.028469,13.7548685,15.113269,14.639668,13.377269,12.5708685,12.052468,12.233269,13.137269,14.239669,11.713268,14.970869,15.977269,15.730868,15.158069,14.494069,13.708468,13.441269,13.182069,13.830069,14.479669,13.882869,13.911669,13.844469,13.719668,13.313269,13.806068,14.711669,14.9100685,15.314869,15.262069,15.372469
20.80127,20.529268,20.77887,21.71967,17.26047,13.892468,13.214068,12.934069,14.326069,15.356469,13.078069,14.770868,13.426868,13.895669,14.649269,13.937269,13.046069,15.361269,15.774069,17.314869,17.198069,17.150068,16.679668,16.577269,17.060469,16.25887,15.620469,15.519669,14.831669,12.566069,13.359669,13.977269,13.614069,13.943668,13.750069,12.262069,13.906869,13.870069,12.722869,14.337269,13.598069,16.418869,16.009268,14.785269,13.438068,13.609269,13.929269,13.8236685,14.225268,13.447669,13.487669,13.738869,13.868468,13.932468,14.158069,14.5020685,14.849269,15.202868,15.417269,15.132469,15.503669
19.23647,20.441269,19.377268,18.81247,19.140469,17.79007,18.37567,16.126068,13.802869,13.004469,12.308469,11.9788685,11.818869,14.073269,12.062069,12.167668,15.255669,14.9100685,14.766068,15.748468,16.058868,15.593268,15.684469,15.862069,15.266869,14.990068,15.2204685,14.126069,11.825269,12.790069,12.895669,12.953269,13.684469,14.026869,14.604468,14.257269,12.471669,12.470069,14.900469,15.039669,15.679668,16.367668,15.732469,14.572469,12.950068,13.3468685,13.590069,14.060469,14.686069,14.338869,13.703669,14.034869,14.148469,14.655669,15.012468,15.022069,14.687669,14.620469,14.5708685,14.074869,14.313269
19.43327,16.978868,19.286068,19.588469,18.80127,19.666868,19.666868,20.004469,19.561268,17.969269,14.706869,15.986869,15.364469,16.31647,17.726068,16.495668,15.095669,15.588469,15.015669,14.636469,15.340468,15.310069,14.137269,14.500469,14.132469,14.214068,13.254068,12.612469,12.914868,13.070068,12.812469,12.999669,13.057269,12.790069,13.023668,13.863668,13.103669,15.905269,13.358068,11.218869,15.350069,16.36447,15.478068,14.350069,12.863668,12.836469,13.577269,14.471669,15.238069,14.993269,14.666869,14.340468,14.447669,14.630069,14.890869,14.886068,14.759668,14.138868,14.230069,14.086069,14.082869
21.07647,22.929268,21.86847,21.609268,21.13407,21.34047,21.24767,20.990068,17.692469,20.103668,21.79007,22.713268,18.657269,13.6972685,17.47807,18.940468,19.830069,18.53727,17.63807,16.474869,13.737268,14.116468,14.390069,14.090869,12.460468,11.630069,11.274869,11.319669,11.382069,11.778869,11.862069,11.638069,11.279669,10.775669,15.078069,12.457269,11.295669,15.169269,15.022069,13.961268,14.500469,15.078069,14.860469,15.050869,13.217269,12.753269,14.042869,14.594869,14.914868,14.809269,14.681269,14.578869,14.714869,14.513268,14.6284685,14.882869,14.498869,14.238069,13.662068,14.2604685,14.492469
22.43327,23.14527,25.782068,26.244469,26.42207,26.446068,26.83647,26.057268,26.29567,23.014069,19.76767,20.986868,18.382069,16.66367,23.15647,24.425268,21.724468,20.807669,22.498869,20.07647,16.562868,13.591669,13.682869,13.510069,11.980469,11.375669,10.322868,10.370869,10.410869,10.198069,10.407669,11.137269,11.402869,10.890869,14.398068,16.068468,13.482869,16.241268,13.790069,14.313269,14.8524685,15.766068,14.786869,14.842869,14.767669,14.130869,13.916469,14.106869,14.514869,14.5420685,14.3468685,12.990068,14.217269,13.948469,14.076468,14.361269,14.148469,13.977269,13.785269,13.369268,13.574069
22.631668,20.428469,19.796469,20.90527,22.196468,22.644468,24.601269,28.860468,28.010868,25.700468,21.302069,18.97087,15.924469,17.022068,24.830069,24.599669,22.78847,22.193268,21.84767,18.614069,20.470068,15.802869,13.393269,13.297269,13.273269,11.724469,11.233269,9.879669,10.031669,10.295669,10.401269,10.742068,11.500469,11.714869,11.913269,12.022069,13.812469,13.569269,13.463669,14.058868,14.406069,14.876469,14.202868,13.983668,14.351668,15.174068,14.758069,13.850869,13.663669,13.681269,13.906869,14.113269,14.2204685,14.145268,13.996469,14.060469,14.018868,14.1052685,13.839668,13.177269,12.825269
19.30527,18.66207,17.769268,16.61727,18.46847,17.956469,18.714869,21.001268,26.98367,23.897268,23.727669,24.34207,19.623669,19.929268,23.906868,23.495668,24.014069,19.391668,17.75487,22.553268,23.991669,20.75327,16.862068,14.239669,12.521269,12.207668,11.070068,10.015669,9.506868,9.194869,10.118069,10.426868,10.999669,11.934069,12.5420685,12.774069,13.9788685,12.540469,12.393269,12.996469,13.738869,14.018868,13.889269,14.028469,13.937269,14.364469,14.612469,13.582068,13.484468,13.700469,13.591669,13.665269,13.897268,13.722869,13.876469,13.930869,13.934069,13.892468,13.756469,14.001268,13.841269
16.930868,18.42047,20.726068,20.796469,17.311668,20.436468,21.334068,22.00607,26.900469,26.96127,27.40927,26.02847,23.33887,22.038069,24.89247,24.830069,22.88127,20.633268,19.703669,21.83487,24.850868,19.52287,20.15647,15.462069,15.482869,12.209269,12.167668,11.929269,10.052468,8.961268,8.804469,9.622068,10.934069,11.079669,11.486069,10.924469,11.393269,11.524468,11.274869,11.700469,11.954868,13.012468,13.911669,14.711669,14.990068,14.796469,14.8812685,14.838069,14.446069,13.4732685,13.535668,13.4156685,13.414069,13.345269,13.425269,13.554869,13.262069,13.308469,13.241269,13.540469,13.778869
15.807669,17.804468,18.198069,19.38847,18.055668,19.138868,16.988468,21.239668,26.69567,26.09887,27.45727,31.070068,32.85247,28.538868,28.390068,24.417269,20.58047,18.151669,22.84767,22.94847,23.382069,20.45407,17.865269,17.263668,16.966068,17.118069,12.3468685,11.868468,12.735669,12.631669,11.828468,10.372469,9.210869,10.247669,9.850869,9.775669,9.774069,10.476469,11.058868,11.505269,12.084469,11.700469,11.959669,13.262069,14.674869,15.590069,15.972468,16.119669,15.830069,15.594869,15.393269,14.934069,14.324469,14.089269,14.0364685,13.537269,13.343669,13.711669,13.012468,13.450869,14.274869
16.945269,19.263668,18.887669,19.346869,18.13407,17.698868,15.366069,18.540468,21.09727,26.300468,28.21567,30.452469,32.05087,29.993269,29.612469,27.356468,23.93887,22.263668,26.88127,25.654068,23.460468,21.30527,21.183668,17.59327,15.414069,15.6972685,15.470069,13.295669,12.586868,12.713268,13.258869,12.526069,12.087668,11.574069,10.911669,10.326069,10.041268,10.330869,10.540469,10.778869,10.916469,11.6972685,11.926068,12.031669,11.790069,12.396469,13.332469,14.425269,14.921268,15.3868685,15.636469,15.694069,15.706869,15.577269,15.169269,14.505269,14.383669,14.426868,14.252469,14.654069,14.772469
19.50207,19.647669,19.49087,19.497269,18.12127,17.538868,17.89407,14.833269,24.977268,29.702068,29.538868,32.142067,30.521269,28.82207,26.622068,21.814068,22.308468,28.492468,26.74367,26.30527,25.116468,23.785269,22.689268,21.71807,20.391668,18.18047,16.687668,15.500469,14.578869,13.095669,12.610868,13.207668,13.470069,14.094069,14.759668,14.830069,13.940469,13.254068,12.396469,11.743669,11.558068,11.530869,11.567669,12.025269,12.350069,12.236468,11.903668,12.087668,12.345269,12.540469,12.866869,13.358068,13.620469,13.924469,14.050869,13.801269,13.658869,13.630069,13.521269,13.588469,13.255669
18.804468,21.439669,19.038069,18.577269,17.41087,17.564468,16.59167,19.32927,23.830069,27.52607,32.15807,33.08127,29.98527,26.071669,21.906868,21.67487,26.137268,26.993269,27.92767,27.025269,25.676468,23.434868,23.798069,22.862068,23.02847,23.82367,24.794868,24.124468,21.53407,22.518068,21.964468,22.48927,22.51487,22.566069,23.27327,21.553268,18.116468,15.074869,14.511669,13.897268,13.498869,13.780469,14.254068,14.359669,14.655669,14.9788685,14.614069,13.922869,13.183669,12.748468,12.743669,12.769269,12.841269,12.988469,13.020469,12.970869,12.890869,12.970869,13.070068,13.0652685,13.034869
18.16927,17.566069,17.679668,17.116468,16.370869,15.687669,14.817268,16.14367,24.07807,25.62687,33.401268,30.438068,23.471668,18.542068,20.506868,25.910069,26.18047,26.798069,26.809269,26.055668,28.162868,26.16927,25.655668,23.93887,25.27167,25.599669,22.886068,24.124468,24.153269,24.65247,25.222069,25.447668,25.73247,25.64127,26.03167,25.993269,25.510069,25.634869,26.82527,26.66367,26.748468,26.95007,26.276468,25.756468,24.250868,22.428469,17.79007,17.310068,16.40927,15.540469,14.828468,14.694069,14.330869,13.564468,13.313269,13.071669,12.871669,12.746869,12.612469,12.537269,12.281269
17.183668,17.394869,15.126069,14.340468,14.438068,13.217269,11.650868,21.97247,24.022068,33.75327,28.494068,20.062069,16.92607,19.88127,24.09887,24.350069,25.77887,25.300468,25.03007,25.390068,26.377268,23.855669,26.99487,25.21247,27.148468,26.230068,26.56927,23.21247,22.036469,22.91487,23.561268,24.969269,23.27167,23.90367,24.28447,24.390068,24.913269,26.726068,28.20127,27.186869,26.26047,26.481268,26.671669,24.129269,23.172468,22.866869,23.61567,24.193268,22.335669,19.538868,18.114868,17.46687,16.882868,15.788468,15.454069,14.620469,13.530869,12.9788685,12.641269,12.652469,12.698869
14.551669,14.097269,14.393269,15.196468,14.050869,15.689269,17.503668,25.207668,29.21567,32.69247,28.574068,21.062069,18.711668,21.311668,22.038069,24.942068,25.614069,25.482868,26.31647,24.978868,26.09727,29.302069,30.161268,26.804468,27.39647,24.40927,24.42047,24.99647,22.921268,23.039669,22.642868,21.815668,23.97087,24.714869,25.43167,26.345268,25.913269,27.22367,27.06527,26.79967,27.58367,27.39647,26.89087,27.71967,28.33887,28.08607,24.64127,24.702068,23.61567,21.92767,18.239668,16.566069,16.644468,15.833269,16.01727,16.38527,16.52607,16.241268,16.057268,15.486069,15.055669
13.207668,15.698869,15.7260685,14.050869,19.874868,23.343668,16.276468,23.023668,34.79807,34.732468,30.76767,24.745268,22.14367,17.820469,19.33087,21.91487,23.91487,24.175669,25.774069,22.623669,21.72127,22.358068,22.313269,24.92767,25.194868,21.897268,23.126068,22.633268,21.471668,21.153269,21.31807,23.417269,23.377268,24.924469,26.486069,28.094069,28.841269,29.79967,30.335669,30.42047,30.64127,31.199669,30.63967,29.89087,28.292469,27.471668,26.129269,26.471668,25.150068,23.865269,22.69727,22.20287,21.53567,21.35167,21.324469,20.77727,19.814068,19.774069,19.321268,18.862068,18.61727
19.61567,14.606069,16.854069,22.54687,30.21407,22.263668,20.862068,25.538868,34.04607,33.18687,33.10367,28.19007,23.735668,22.07647,21.449268,18.657269,18.57087,17.418869,22.772469,26.716469,23.170868,20.62687,22.390068,23.30687,22.97247,20.476469,20.65087,21.298868,21.308468,20.975668,21.16927,22.532469,24.014069,27.102068,29.210869,30.60447,31.850868,34.97567,33.80447,34.16927,34.510067,33.84607,34.33567,32.02047,31.791668,30.690868,30.39647,29.762869,27.335669,26.65087,26.119669,26.29567,25.91647,26.255669,26.348469,24.735668,23.62687,23.14687,22.85727,22.542068,22.634869
13.340468,17.418869,28.263668,29.74367,32.29887,25.625269,33.847668,34.83967,33.00607,30.402868,31.52607,30.246069,27.00767,24.95167,24.68447,23.42047,21.084469,19.38847,19.188469,18.441269,25.05407,21.97087,22.516468,23.257269,21.326069,20.476469,20.665268,20.946869,22.14527,21.759668,22.487669,23.175669,26.058868,26.759668,26.874868,28.470068,33.814068,34.15007,39.271667,41.34527,41.479668,37.42847,36.41087,32.41087,30.99487,30.578869,30.394869,30.106869,29.564468,29.991669,30.079668,30.292469,30.895668,30.73087,30.586868,30.60447,31.630068,31.988468,32.25567,32.33247,31.14687
13.577269,22.428469,29.59327,30.47807,35.45887,27.942068,35.130867,33.35167,27.27327,25.91487,28.246069,31.585268,29.542068,29.48927,26.956469,26.71967,23.855669,23.185268,24.026869,23.897268,26.566069,25.497269,22.887669,21.81087,22.29407,21.482868,21.182068,20.450869,21.206068,22.049269,23.356468,22.918068,23.279669,25.585268,27.598068,30.31807,36.37887,40.23967,40.81887,40.676468,40.20607,39.982067,37.695667,36.30207,34.89087,32.67487,31.807669,31.690868,31.873268,33.12607,35.740467,36.52287,38.29247,38.61567,38.20927,38.24127,40.59647,40.46687,39.844467,39.50687,38.96607
16.34047,25.761269,30.895668,34.29247,32.75327,33.49567,32.457268,31.722868,27.068468,24.578869,25.76607,30.935669,30.313269,31.401268,30.209269,25.82527,28.51327,34.74847,31.049269,32.985268,31.618868,29.703669,26.45727,21.20127,21.988468,21.415668,21.36287,21.033268,21.292469,22.63807,21.780468,20.87007,21.850868,24.78687,29.61567,36.940468,38.21087,42.80127,44.88767,45.24767,46.38847,46.64607,41.98047,42.12607,37.93407,37.28127,36.30047,37.33567,40.48287,42.246067,44.308468,44.833267,44.42687,46.215668,47.56607,46.73407,46.23967,46.215668,45.16287,45.20287,43.95647
31.217268,36.22207,35.263668,35.60447,32.09567,32.46687,28.802868,23.839668,27.665268,27.471668,29.48927,32.732468,34.00607,35.279667,35.26527,34.089268,34.319668,24.471668,26.313269,29.383669,31.12287,29.252468,28.585268,24.35167,21.20287,21.727669,22.039669,22.00767,21.798069,21.311668,20.586868,20.033268,25.289268,31.77567,36.11327,35.32927,41.684467,46.14047,47.342068,47.66687,48.58847,49.558067,49.30047,46.502068,45.73087,44.386868,45.63007,46.79807,48.07967,51.122868,52.03967,52.81567,52.24767,52.35967,52.383667,51.56447,50.22847,47.84927,46.88607,45.29247,45.100468
