demo/data/weather/current/current-mean_sea_level_pressure-isobaric-1000hPa-gfs-1.0.json
{"header": {"discipline":0,"disciplineName":"Meteorological products","gribEdition":2,"gribLength":74151,"center":7,"centerName":"US National Weather Service - NCEP(WMC)","subcenter":0,"refTime":"2023-06-08T06:00:00.000Z","significanceOfRT":1,"significanceOfRTName":"Start of forecast","productStatus":0,"productStatusName":"Operational products","productType":1,"productTypeName":"Forecast products","productDefinitionTemplate":0,"productDefinitionTemplateName":"Analysis\/forecast at horizontal level\/layer at a point in time","parameterCategory":3,"parameterCategoryName":"Mass","parameterNumber":0,"parameterNumberName":"Pressure","parameterUnit":"Pa","genProcessType":2,"genProcessTypeName":"Forecast","forecastTime":0,"surface1Type":1,"surface1TypeName":"Ground or water surface","surface1Value":0,"surface2Type":255,"surface2TypeName":"Missing","surface2Value":0,"gridDefinitionTemplate":0,"gridDefinitionTemplateName":"Latitude_Longitude","numberPoints":65160,"shape":6,"shapeName":"Earth spherical with radius of 6,371,229.0 m","gridUnits":"degrees","resolution":48,"winds":"true","scanMode":0,"nx":360,"ny":181,"basicAngle":0,"lo1":0,"la1":90,"lo2":359,"la2":-90,"dx":1,"dy":1}, "data":
[rows 135 to 161 of 181, columns 118 to 176 of 360]
100665.34,100553.34,100382.14,100252.55,100089.34,99950.14,99775.74,99622.14,99466.945,99327.74,99196.55,99089.34,99004.55,98894.14,98810.945,98690.945,98609.34,98514.945,98492.55,98532.55,98700.55,98876.55,99038.14,99185.34,99356.55,99518.14,99630.14,99753.34,99884.55,100007.74,100015.74,100063.74,100081.34,100151.74,100439.74,100750.14,100994.945,101222.14,101441.34,101634.945,101812.55,101982.14,102105.34,102218.945,102380.55,102455.74,102508.55,102524.55,102479.74,101590.14,91170.945,92145.34,94412.55,101802.945,102537.34,102530.945,102566.14,102606.14,102631.74
100471.74,100321.34,100158.14,99982.14,99847.74,99657.34,99498.945,99332.55,99185.34,99052.55,98946.945,98863.74,98761.34,98644.55,98511.74,98287.74,98260.55,98302.14,98306.945,98434.945,98604.55,98762.945,98919.74,99084.55,99246.14,99414.14,99518.14,99636.55,99767.74,99890.945,99945.34,99967.74,100022.14,100159.74,100455.74,100735.74,100978.945,101202.945,101388.55,101625.34,101796.55,101958.14,102105.34,102226.945,102378.945,102457.34,102486.14,102522.945,102506.945,94228.55,100231.74,100558.14,99682.945,102564.55,102550.14,102532.55,102545.34,102562.945,102578.945
100228.55,100089.34,99913.34,99742.14,99577.34,99414.14,99242.945,99074.945,98919.74,98817.34,98732.55,98654.14,98561.34,98425.34,98246.14,98023.74,98092.55,98166.14,98244.55,98358.14,98495.74,98628.55,98791.74,98967.74,99119.74,99284.55,99390.14,99522.945,99646.14,99745.34,99826.945,99884.55,99993.34,100206.14,100455.74,100726.14,100958.14,101199.74,101396.55,101617.34,101794.945,101966.14,102087.74,102206.14,102346.945,102420.55,102463.74,102495.74,102514.945,102518.14,100705.34,102484.55,102498.945,102527.74,102514.945,102505.34,102495.74,102492.55,102505.34
100001.34,99828.55,99660.55,99473.34,99324.55,99162.945,98988.55,98822.14,98703.74,98609.34,98537.34,98450.945,98374.14,98298.945,98185.34,98089.34,98084.55,98102.14,98164.55,98255.74,98358.14,98497.34,98642.945,98814.14,98964.55,99135.74,99303.74,99420.55,99556.55,99676.55,99745.34,99841.34,99970.945,100206.14,100458.945,100732.55,100974.14,101188.55,101410.945,101618.945,101780.55,101916.55,102039.74,102161.34,102279.74,102359.74,102399.74,102439.74,102455.74,102465.34,102468.55,102442.945,102450.945,102442.945,102439.74,102422.14,102415.74,102385.34,102370.945
99746.945,99566.14,99388.55,99218.945,99049.34,98897.34,98737.34,98599.74,98492.55,98414.14,98348.55,98287.74,98202.945,98145.34,98076.55,98025.34,97990.14,97975.74,97980.55,98017.34,98143.74,98270.14,98430.14,98618.945,98796.55,98961.34,99188.55,99316.55,99463.74,99593.34,99676.55,99823.74,99985.34,100196.55,100468.55,100724.55,100967.74,101174.14,101383.74,101570.945,101754.945,101855.74,101986.945,102111.74,102233.34,102289.34,102335.74,102372.55,102378.945,102382.14,102396.55,102393.34,102374.14,102351.74,102338.945,102316.55,102287.74,102263.74,102255.74
99462.14,99292.55,99146.945,98964.55,98801.34,98649.34,98486.14,98346.945,98250.945,98167.74,98116.55,98087.74,98025.34,97978.945,97921.34,97876.55,97838.14,97774.14,97780.55,97847.74,97927.74,98015.74,98174.14,98402.945,98577.34,98793.34,99014.14,99190.14,99338.945,99481.34,99607.74,99769.34,99961.34,100196.55,100462.14,100697.34,100942.14,101169.34,101362.945,101527.74,101690.945,101806.14,101924.55,102054.14,102159.74,102202.945,102241.34,102286.14,102294.14,102278.14,102257.34,102230.14,102218.945,102196.55,102169.34,102154.945,102129.34,102102.14,102071.74
99178.945,99026.945,98854.14,98668.55,98500.55,98337.34,98164.55,98033.34,97948.55,97876.55,97847.74,97822.14,97794.945,97818.945,97814.14,97746.945,97686.14,97610.945,97630.14,97638.14,97762.945,97902.14,98063.74,98257.34,98457.34,98708.55,98908.55,99102.14,99266.945,99398.14,99550.14,99742.14,99930.945,100180.55,100478.14,100703.74,100942.14,101146.945,101305.34,101471.74,101604.55,101721.34,101846.14,101975.74,102065.34,102116.55,102126.14,102127.74,102068.55,102130.945,102105.34,102089.34,102054.14,102025.34,101994.945,101958.14,101932.55,101897.34,101862.14
98913.34,98745.34,98545.34,98362.945,98172.55,97978.945,97770.945,97598.14,97506.945,97489.34,97508.55,97582.14,97631.74,97676.55,97682.945,97609.34,97534.14,97495.74,97530.945,97599.74,97754.945,97914.945,98081.34,98286.14,98489.34,98697.34,98916.55,99079.74,99222.14,99377.34,99550.14,99759.74,99970.945,100220.55,100474.945,100708.55,100929.34,101121.34,101282.945,101422.14,101522.945,101631.74,101746.945,101854.14,101916.55,101959.74,101970.945,101966.14,101961.34,101954.945,101926.14,101898.945,101873.34,101854.14,101820.55,101775.74,101729.34,101692.55,101660.55
98657.34,98468.55,98282.945,98092.55,97874.945,97591.74,97289.34,97030.14,96929.34,96980.55,97156.55,97375.74,97486.14,97551.74,97558.14,97502.14,97492.55,97506.945,97508.55,97652.55,97822.14,97991.74,98170.945,98345.34,98527.74,98726.14,98911.74,99055.74,99234.945,99404.55,99591.74,99804.55,100039.74,100279.74,100506.945,100713.34,100902.14,101082.945,101233.34,101345.34,101479.74,101580.55,101662.14,101711.74,101751.74,101774.14,101777.34,101770.945,101769.34,101762.945,101740.55,101718.14,101694.14,101697.34,101670.14,101636.55,101594.945,101562.945,101527.74
98415.74,98282.945,98119.74,97897.34,97604.55,97273.34,97047.74,96964.55,96924.55,96993.34,97162.945,97330.945,97410.945,97454.14,97487.74,97511.74,97519.74,97558.14,97668.55,97791.74,97938.945,98097.34,98266.945,98430.14,98593.34,98794.945,98969.34,99148.55,99311.74,99497.34,99684.55,99900.55,100097.34,100316.55,100537.34,100713.34,100878.14,101009.34,101170.945,101279.74,101383.74,101462.14,101519.74,101553.34,101586.945,101623.74,101649.34,101666.945,101679.74,101678.14,101682.945,101660.55,101626.945,101601.34,101575.74,101532.55,101482.945,101442.945,101398.14
98342.14,98199.74,98002.945,97775.74,97466.945,97247.74,97183.74,97164.55,97175.74,97231.74,97302.14,97372.55,97436.55,97482.945,97527.74,97575.74,97658.945,97751.74,97833.34,97956.55,98090.945,98241.34,98410.945,98593.34,98772.55,98934.14,99124.55,99302.14,99497.34,99684.55,99858.945,100057.34,100234.945,100404.55,100562.945,100722.945,100855.74,100983.74,101119.74,101242.945,101300.55,101375.74,101430.14,101500.55,101550.14,101604.55,101622.14,101636.55,101630.14,101622.14,101598.14,101574.14,101540.55,101500.55,101450.945,101396.55,101334.14,101266.945,101209.34
98298.945,98135.74,97938.945,97690.945,97502.14,97426.945,97386.945,97385.34,97399.74,97444.55,97500.55,97516.55,97545.34,97609.34,97658.945,97742.14,97841.34,97922.945,98030.14,98158.14,98303.74,98470.14,98626.945,98802.945,98958.14,99167.74,99346.945,99522.945,99690.945,99844.55,100039.74,100175.74,100345.34,100478.14,100628.55,100758.14,100890.945,101012.55,101143.74,101254.14,101343.74,101428.55,101503.74,101559.74,101574.14,101599.74,101601.34,101583.74,101540.55,101522.945,101479.74,101431.74,101375.74,101319.74,101263.74,101196.55,101124.55,101057.34,100991.74
98258.945,98126.14,97953.34,97737.34,97636.55,97609.34,97583.74,97596.55,97623.74,97657.34,97702.14,97735.74,97756.55,97794.945,97857.34,97930.945,98031.74,98142.14,98265.34,98417.34,98566.14,98722.945,98858.945,99038.14,99204.55,99378.945,99562.945,99724.55,99908.55,100073.34,100242.945,100377.34,100511.74,100665.34,100786.945,100927.74,101049.34,101161.34,101262.14,101356.55,101409.34,101460.55,101484.55,101500.55,101514.945,101524.55,101495.74,101462.14,101388.55,101353.34,101302.14,101252.55,101198.14,101132.55,101065.34,101002.945,100934.14,100855.74,100774.14
98249.34,98121.34,97974.14,97826.945,97796.55,97801.34,97793.34,97814.14,97838.14,97870.14,97914.945,97927.74,97961.34,98017.34,98082.945,98185.34,98295.74,98426.945,98580.55,98711.74,98860.55,99009.34,99170.945,99346.945,99526.14,99708.55,99873.34,100023.74,100164.55,100322.945,100479.74,100617.34,100758.14,100876.55,100994.945,101100.55,101204.55,101297.34,101337.34,101358.14,101385.34,101401.34,101406.14,101410.945,101393.34,101359.74,101350.14,101263.74,101239.74,101166.14,101105.34,101052.55,100986.945,100918.14,100854.14,100780.55,100705.34,100630.14,100567.74
98278.14,98164.55,98046.14,98001.34,97978.945,98014.14,98012.55,98036.55,98044.55,98066.945,98103.74,98126.14,98166.14,98225.34,98337.34,98462.14,98591.74,98714.945,98858.945,99007.74,99172.55,99335.74,99505.34,99658.945,99822.14,99996.55,100146.945,100289.34,100422.14,100590.14,100732.55,100857.34,100951.74,101060.55,101138.945,101193.34,101257.34,101300.55,101298.945,101300.55,101297.34,101302.14,101292.55,101263.74,101234.945,101175.74,101129.34,101076.55,101018.945,100935.74,100863.74,100801.34,100746.945,100682.945,100610.945,100550.14,100498.945,100439.74,100364.55
98282.945,98217.34,98170.945,98166.14,98199.74,98222.14,98233.34,98258.945,98270.14,98268.55,98284.55,98308.55,98364.55,98436.55,98559.74,98686.14,98834.945,98993.34,99138.945,99302.14,99474.945,99652.55,99814.14,99961.34,100092.55,100262.14,100436.55,100558.14,100682.945,100802.945,100906.945,101001.34,101078.14,101137.34,101191.74,101217.34,101234.945,101228.55,101199.74,101212.55,101201.34,101177.34,101137.34,101095.74,101038.14,100993.34,100945.34,100865.34,100802.945,100735.74,100678.14,100617.34,100564.55,100513.34,100458.945,100393.34,100318.14,100241.34,100174.14
98305.34,98279.74,98302.14,98337.34,98396.55,98417.34,98450.945,98486.14,98495.74,98508.55,98522.945,98532.55,98578.945,98697.34,98841.34,98994.945,99118.14,99313.34,99486.14,99634.945,99799.74,99961.34,100106.945,100270.14,100391.74,100529.34,100665.34,100778.945,100871.74,100974.14,101039.74,101094.14,101148.55,101167.74,101162.945,101170.945,101162.945,101135.74,101124.55,101111.74,101058.945,101009.34,100966.14,100942.14,100855.74,100809.34,100751.74,100682.945,100636.55,100586.945,100534.14,100478.14,100423.74,100366.14,100295.74,100222.14,100153.34,100086.14,100028.55
98359.74,98393.34,98446.14,98513.34,98586.945,98641.34,98686.14,98738.945,98754.945,98780.55,98814.14,98868.55,98938.945,99042.945,99156.55,99313.34,99473.34,99689.34,99812.55,99978.945,100148.55,100276.55,100423.74,100562.945,100673.34,100798.14,100908.55,100983.74,101052.55,101114.945,101154.945,101153.34,101156.55,101138.945,101116.55,101084.55,101063.74,101025.34,101004.55,100954.945,100929.34,100860.55,100818.945,100737.34,100695.74,100642.945,100575.74,100513.34,100460.55,100410.945,100356.55,100313.34,100263.74,100196.55,100170.945,100114.945,100049.34,99998.14,99921.34
98465.34,98542.14,98622.14,98714.945,98804.55,98886.14,98961.34,99017.34,99100.55,99166.14,99210.945,99295.74,99382.14,99522.945,99634.945,99762.945,99922.945,100074.945,100225.34,100377.34,100514.945,100646.14,100786.945,100884.55,100972.55,101057.34,101122.945,101159.74,101170.945,101148.55,101150.14,101156.55,101102.14,101052.55,101017.34,100991.74,100946.945,100892.55,100825.34,100766.14,100734.14,100681.34,100606.14,100530.945,100490.945,100433.34,100377.34,100327.74,100276.55,100230.14,100194.945,100174.14,100121.34,100106.945,100055.74,100034.945,99982.14,99921.34,99874.945
98626.945,98740.55,98860.55,98970.945,99090.945,99194.945,99281.34,99382.14,99481.34,99582.14,99674.945,99788.55,99892.55,100015.74,100145.34,100273.34,100377.34,100519.74,100639.74,100762.945,100884.55,100991.74,101070.14,101140.55,101180.55,101212.55,101234.945,101263.74,101217.34,101183.74,101137.34,101084.55,101017.34,100975.74,100921.34,100841.34,100783.74,100686.14,100618.945,100564.55,100510.14,100441.34,100375.74,100313.34,100263.74,100207.74,100150.14,100105.34,100084.55,100058.945,100039.74,100017.34,100002.945,100002.945,99975.74,99940.55,99878.14,99858.945,99794.945
98974.14,99124.55,99279.74,99402.945,99538.945,99674.945,99767.74,99889.34,99998.14,100098.945,100220.55,100340.55,100449.34,100566.14,100690.945,100804.55,100892.55,100953.34,101039.74,101100.55,101159.74,101209.34,101257.34,101308.55,101335.74,101334.14,101306.945,101271.74,101228.55,101186.945,101092.55,100991.74,100902.14,100809.34,100726.14,100649.34,100566.14,100476.55,100378.945,100284.55,100198.14,100130.945,100084.55,100046.14,99999.74,99969.34,99935.74,99886.14,99839.74,99842.945,99850.945,99847.74,99825.34,99812.55,99802.945,99806.14,99783.74,99743.74,99660.55
99473.34,99572.55,99687.74,99847.74,100023.74,100138.945,100278.14,100436.55,100561.34,100671.74,100762.945,100796.55,100846.14,100937.34,101033.34,101028.55,101164.55,101183.74,101359.74,101375.74,101380.55,101378.945,101356.55,101327.74,101303.74,101319.74,101292.55,101233.34,101156.55,101070.14,100921.34,100782.14,100670.14,100567.74,100471.74,100378.945,100271.74,100161.34,100071.74,100001.34,99942.14,99887.74,99842.945,99810.945,99780.55,99754.945,99729.34,99726.14,99722.945,99690.945,99660.55,99652.55,99654.14,99654.14,99641.34,99612.55,99566.14,99502.14,99462.14
99750.14,99650.945,99404.55,99102.14,97274.945,94809.34,93974.14,91681.34,89308.55,96298.945,99439.74,100206.14,95183.74,87282.945,85561.34,84498.945,86876.55,85580.55,85892.55,86191.74,87041.34,87938.945,90412.55,92198.14,94545.34,97622.14,99466.945,101050.945,100742.14,100967.74,100794.945,100652.55,100548.55,100412.55,100298.945,100121.34,99938.945,99794.945,99694.14,99620.55,99582.14,99554.945,99550.14,99540.55,99550.14,99550.14,99553.34,99548.55,99543.74,99564.55,99580.55,99590.14,99580.55,99572.55,99575.74,99559.74,99529.34,99465.34,99361.34
86910.14,86516.55,85054.14,83442.945,82140.55,81178.945,80220.55,80218.945,81102.14,82042.945,82350.14,82462.14,82161.34,81434.945,79878.14,78329.34,77756.55,77615.74,77655.74,77786.945,78038.14,78988.55,80714.945,83111.74,85788.55,91857.34,95660.55,91428.55,92044.55,100026.945,100628.55,100646.14,100460.55,100369.34,100129.34,99862.14,99622.14,99404.55,99249.34,99172.55,99172.55,99196.55,99246.14,99305.34,99334.14,99345.34,99346.945,99351.74,99351.74,99367.74,99383.74,99393.34,99399.74,99418.945,99399.74,99361.34,99295.74,99194.945,99103.74
78913.34,78662.14,78247.74,77718.14,76990.14,76292.55,75782.14,75510.14,75721.34,76098.945,76402.945,76809.34,76535.74,76284.55,75193.34,74454.14,73497.34,73874.945,74388.55,74564.55,74593.34,75190.14,76346.945,77786.945,79658.945,82250.945,84044.55,85124.55,87234.945,87577.34,87841.34,87218.945,88274.945,91367.74,92153.34,92420.55,92700.55,95993.34,97537.34,98860.55,98916.55,99006.14,99058.945,99161.34,99218.945,99167.74,99084.55,99031.74,99020.55,99026.945,99049.34,99090.945,99118.14,99116.55,99090.945,99047.74,98966.14,98842.945,98727.74
74790.14,74538.945,74225.34,73854.14,73474.945,73201.34,72719.74,72431.74,72319.74,72495.74,72881.34,72970.945,72830.14,72614.14,72543.74,72305.34,72274.945,73306.945,73463.74,73361.34,73113.34,73284.55,74156.55,75250.945,76849.34,78471.74,79700.55,80719.74,81186.945,81391.74,81914.945,82663.74,83350.14,83646.14,84810.945,85252.55,83478.14,82292.55,82034.945,82649.34,82348.55,80455.74,93516.55,98975.74,98710.14,98431.74,98449.34,98428.55,98551.74,98620.55,98658.945,98711.74,98767.74,98767.74,98727.74,98679.74,98642.945,98610.945,98490.945
71898.945,71799.74,71583.74,71338.945,71084.55,70790.14,70431.74,70063.74,69794.945,69657.34,69737.34,70028.55,70186.945,70206.14,70161.34,70532.55,71137.34,72046.14,72210.945,72404.55,72831.74,73188.55,74082.945,75046.14,75836.55,76482.945,77118.14,77647.74,77815.74,78161.34,78526.14,78793.34,78798.14,78866.945,78942.14,78785.34,78655.74,78311.74,77647.74,77060.55,76196.55,76662.14,79775.74,91711.74,97329.34,80969.34,95113.34,86932.55,82303.74,88398.14,96268.55,98551.74,98590.14,98590.14,98553.34,98516.55,98476.55,98370.945,98209.34
