demo/data/weather/current/current-mean_sea_level_pressure-surface-level-gfs-1.0.json
{"header": {"discipline":0,"disciplineName":"Meteorological products","gribEdition":2,"gribLength":74631,"center":7,"centerName":"US National Weather Service - NCEP(WMC)","subcenter":0,"refTime":"2023-06-08T06:00:00.000Z","significanceOfRT":1,"significanceOfRTName":"Start of forecast","productStatus":0,"productStatusName":"Operational products","productType":1,"productTypeName":"Forecast products","productDefinitionTemplate":0,"productDefinitionTemplateName":"Analysis\/forecast at horizontal level\/layer at a point in time","parameterCategory":3,"parameterCategoryName":"Mass","parameterNumber":1,"parameterNumberName":"Pressure_reduced_to_MSL","parameterUnit":"Pa","genProcessType":2,"genProcessTypeName":"Forecast","forecastTime":0,"surface1Type":101,"surface1TypeName":"Mean sea level","surface1Value":0,"surface2Type":255,"surface2TypeName":"Missing","surface2Value":0,"gridDefinitionTemplate":0,"gridDefinitionTemplateName":"Latitude_Longitude","numberPoints":65160,"shape":6,"shapeName":"Earth spherical with radius of 6,371,229.0 m","gridUnits":"degrees","resolution":48,"winds":"true","scanMode":0,"nx":360,"ny":181,"basicAngle":0,"lo1":0,"la1":90,"lo2":359,"la2":-90,"dx":1,"dy":1}, "data":
[rows 0 to 25 of 181, columns 0 to 57 of 360]
101439.086,101439.086,101439.086,101439.086,101439.086,101439.086,101439.086,101439.086,101439.086,101439.086,101439.086,101439.086,101439.086,101439.086,101439.086,101439.086,101439.086,101439.086,101439.086,101439.086,101439.086,101439.086,101439.086,101439.086,101439.086,101439.086,101439.086,101439.086,101439.086,101439.086,101439.086,101439.086,101439.086,101439.086,101439.086,101439.086,101439.086,101439.086,101439.086,101439.086,101439.086,101439.086,101439.086,101439.086,101439.086,101439.086,101439.086,101439.086,101439.086,101439.086,101439.086,101439.086,101439.086,101439.086,101439.086,101439.086,101439.086,101439.086
101525.89,101525.89,101526.69,101527.484,101528.69,101529.484,101530.29,101531.086,101531.89,101532.69,101533.484,101533.89,101534.69,101535.086,101535.89,101536.29,101537.086,101537.484,101537.89,101538.29,101538.69,101538.69,101539.086,101539.484,101539.484,101539.484,101539.484,101539.086,101538.69,101538.29,101537.89,101537.086,101536.69,101535.89,101535.086,101534.69,101533.89,101532.69,101531.89,101530.69,101529.89,101529.086,101528.29,101527.086,101525.89,101525.086,101524.29,101523.484,101522.29,101521.484,101520.69,101519.89,101518.69,101517.89,101516.69,101515.086,101513.89,101512.69
101609.89,101609.484,101608.69,101608.29,101608.29,101608.29,101608.69,101609.086,101609.89,101611.086,101611.89,101612.29,101612.69,101612.69,101612.69,101612.69,101612.29,101611.484,101610.69,101609.086,101607.484,101604.69,101602.29,101599.484,101597.086,101594.29,101591.484,101588.29,101585.086,101581.89,101578.69,101575.086,101571.484,101567.89,101563.89,101559.484,101555.086,101551.086,101547.89,101545.89,101543.89,101541.484,101537.484,101533.086,101528.69,101524.29,101519.89,101515.086,101510.69,101506.69,101502.69,101498.69,101494.69,101491.086,101487.484,101483.89,101479.89,101476.69
101686.69,101683.086,101679.484,101676.29,101673.89,101672.69,101671.89,101671.484,101671.086,101670.29,101667.484,101665.086,101661.484,101656.29,101651.484,101645.89,101640.29,101633.89,101627.89,101621.89,101615.086,101607.086,101599.086,101591.484,101583.89,101576.69,101570.69,101565.086,101559.484,101554.29,101549.086,101544.29,101539.484,101533.89,101527.89,101521.89,101516.29,101511.086,101505.89,101500.29,101494.29,101488.29,101482.69,101475.89,101468.69,101461.484,101454.29,101446.69,101439.086,101431.89,101425.086,101418.69,101411.89,101405.89,101399.89,101394.29,101388.29,101382.69
101710.69,101705.484,101700.29,101697.89,101695.89,101691.89,101687.086,101681.086,101674.29,101666.69,101659.086,101650.69,101642.29,101633.89,101625.89,101618.69,101611.086,101603.89,101596.29,101588.29,101580.69,101573.086,101565.086,101556.29,101547.89,101539.484,101529.484,101520.69,101513.484,101505.484,101496.69,101487.086,101477.484,101468.29,101459.484,101450.69,101442.69,101435.086,101427.484,101419.89,101412.29,101404.69,101397.89,101391.086,101383.89,101377.086,101370.29,101363.89,101357.086,101350.69,101343.89,101337.484,101331.484,101325.484,101319.89,101314.29,101308.69,101303.484
101707.086,101700.29,101692.29,101683.484,101673.89,101664.29,101655.086,101646.29,101636.69,101627.484,101616.69,101607.086,101597.086,101584.29,101571.484,101557.89,101547.89,101539.086,101529.484,101521.086,101511.484,101503.89,101495.484,101489.086,101482.29,101475.086,101468.29,101461.086,101454.29,101447.484,101440.69,101434.29,101428.29,101421.89,101415.89,101409.89,101403.484,101397.484,101391.086,101385.484,101379.086,101373.086,101366.69,101360.29,101353.484,101346.29,101339.086,101331.484,101323.89,101316.29,101308.69,101300.69,101293.086,101285.484,101277.89,101269.89,101262.29,101253.89
101683.484,101672.69,101661.484,101650.69,101638.29,101621.89,101605.086,101587.89,101573.484,101561.086,101550.29,101539.89,101527.086,101514.69,101503.89,101495.086,101486.29,101479.89,101473.89,101469.086,101465.086,101461.484,101457.89,101454.29,101450.29,101446.69,101442.69,101438.69,101434.69,101430.29,101425.484,101420.69,101415.086,101409.89,101403.89,101398.29,101392.29,101386.69,101380.69,101373.484,101366.29,101357.89,101349.086,101339.89,101330.69,101321.086,101310.69,101299.89,101288.69,101277.484,101266.29,101254.69,101242.29,101230.29,101217.89,101206.29,101193.484,101180.69
101663.89,101647.484,101633.89,101622.29,101609.086,101595.89,101581.89,101565.484,101547.086,101529.484,101511.484,101494.29,101477.89,101463.086,101450.69,101440.29,101432.29,101426.69,101423.484,101421.484,101420.69,101421.086,101422.29,101423.484,101424.69,101425.086,101424.69,101423.89,101421.89,101419.086,101414.69,101409.484,101403.89,101397.89,101391.086,101384.69,101377.086,101368.29,101359.484,101349.89,101339.086,101328.69,101317.484,101306.69,101293.89,101279.89,101265.89,101251.086,101235.484,101219.89,101203.086,101186.29,101169.484,101153.086,101136.69,101120.29,101103.484,101086.69
101657.89,101647.086,101636.69,101625.89,101614.69,101602.69,101589.89,101576.69,101563.086,101547.89,101532.69,101516.69,101501.086,101485.484,101471.086,101457.086,101443.086,101429.484,101417.086,101406.69,101399.484,101395.484,101394.29,101394.29,101395.89,101399.89,101404.69,101408.69,101410.29,101409.484,101407.484,101403.89,101398.69,101391.89,101383.484,101373.484,101362.29,101350.69,101337.484,101325.484,101311.086,101297.484,101281.086,101263.484,101245.89,101227.086,101208.69,101190.69,101172.29,101153.89,101134.29,101113.484,101091.484,101069.484,101047.086,101024.29,101003.484,100980.69
101659.086,101654.29,101649.89,101644.69,101639.89,101634.69,101628.69,101620.69,101612.69,101603.89,101594.69,101586.29,101576.69,101565.89,101555.89,101543.484,101532.69,101521.89,101512.29,101502.29,101493.086,101484.29,101477.086,101469.086,101463.086,101456.69,101451.484,101446.69,101443.086,101439.484,101432.69,101425.89,101414.29,101401.89,101387.484,101371.086,101353.89,101335.086,101315.484,101294.29,101273.086,101251.086,101229.086,101208.69,101183.086,101159.89,101131.484,101111.086,101081.484,101056.69,101032.69,101006.69,100982.29,100953.086,100923.484,100905.484,100901.086,100872.29
101675.89,101680.29,101683.89,101686.29,101688.69,101690.29,101692.29,101692.69,101693.484,101694.69,101695.89,101691.89,101683.086,101677.89,101679.89,101680.29,101682.29,101648.29,101667.086,101667.484,101643.086,101616.29,101602.29,101629.89,101605.086,101569.484,101543.89,101510.69,101507.89,101484.69,101465.086,101442.69,101420.69,101396.29,101372.29,101346.69,101319.086,101293.484,101265.89,101239.086,101211.086,101181.086,101147.086,101112.69,101076.69,101048.69,101017.484,100975.086,100938.69,100909.086,100883.086,100859.89,100830.69,100799.484,100785.89,100766.29,100736.69,100723.89
101725.89,101729.484,101737.086,101745.086,101750.29,101755.89,101759.086,101758.29,101755.086,101751.086,101744.69,101746.69,101766.69,101765.89,101724.29,101701.89,101677.086,101673.484,101601.484,101629.89,101622.29,101605.89,101578.29,101553.484,101546.69,101540.69,101539.484,101525.086,101506.69,101479.086,101451.89,101423.89,101392.69,101359.89,101328.69,101299.484,101267.89,101234.69,101195.484,101149.484,101109.086,101072.69,101037.484,101002.29,100963.086,100924.69,100889.086,100856.69,100826.29,100797.89,100771.484,100744.29,100723.484,100701.89,100676.29,100651.89,100626.69,100602.29
101833.086,101833.89,101827.484,101821.89,101821.89,101823.484,101825.89,101826.29,101822.29,101813.89,101799.484,101782.29,101758.69,101732.69,101730.29,101731.89,101742.69,101722.29,101681.484,101618.69,101614.29,101609.89,101624.29,101615.89,101596.69,101567.484,101544.29,101517.086,101489.086,101456.29,101420.29,101382.69,101343.086,101303.086,101262.29,101218.69,101170.69,101123.89,101077.086,101032.69,100988.29,100943.484,100900.69,100859.484,100821.086,100784.29,100751.086,100718.29,100685.89,100653.89,100622.29,100591.484,100561.086,100533.086,100506.69,100481.89,100459.086,100439.89
101930.29,101937.086,101942.69,101939.89,101928.69,101925.086,101923.086,101917.086,101908.29,101896.69,101881.086,101858.29,101828.69,101796.69,101761.086,101705.484,101700.69,101670.29,101649.086,101645.484,101631.086,101617.484,101607.086,101605.89,101591.484,101565.89,101538.29,101501.086,101460.69,101416.29,101366.29,101321.086,101272.69,101221.086,101169.89,101118.29,101059.89,101001.89,100948.29,100901.484,100855.484,100814.69,100771.89,100733.086,100693.89,100652.29,100612.69,100573.086,100534.29,100498.29,100465.484,100436.69,100411.484,100389.086,100372.69,100359.086,100350.69,100342.69
102035.89,102044.69,102049.89,102050.69,102044.29,102041.484,102037.484,102029.086,102021.484,101999.484,101971.89,101942.69,101908.29,101867.89,101823.086,101781.086,101745.89,101711.086,101680.69,101673.484,101669.484,101652.29,101638.29,101621.086,101594.69,101560.29,101520.69,101478.29,101429.086,101375.086,101320.69,101268.29,101210.69,101147.484,101089.484,101022.29,100955.086,100891.086,100834.69,100785.484,100739.89,100698.69,100657.89,100619.086,100579.89,100543.086,100509.89,100479.484,100451.89,100427.484,100406.69,100387.89,100370.29,100364.29,100373.484,100389.484,100407.086,100425.89
102135.484,102151.086,102161.89,102167.086,102166.29,102161.89,102151.086,102138.69,102127.89,102103.89,102067.086,102035.086,101996.69,101956.69,101911.484,101861.484,101814.69,101777.086,101746.29,101720.69,101705.89,101683.89,101656.29,101631.89,101599.89,101559.086,101513.086,101463.89,101407.484,101349.086,101287.484,101228.69,101169.484,101107.89,101048.29,100980.29,100906.69,100835.484,100769.89,100710.69,100659.89,100617.086,100581.086,100545.086,100512.69,100487.086,100467.484,100455.89,100453.484,100457.89,100466.69,100480.29,100499.086,100521.086,100543.484,100567.484,100605.484,100621.89
102235.086,102255.89,102270.69,102277.484,102279.484,102274.69,102263.086,102245.086,102221.086,102187.89,102150.69,102109.086,102069.484,102023.484,101973.086,101918.69,101858.69,101823.086,101797.89,101773.086,101747.086,101713.086,101679.086,101645.89,101604.69,101557.086,101504.69,101449.89,101395.89,101344.29,101286.29,101227.89,101175.89,101121.89,101066.69,101015.086,100958.69,100901.89,100849.484,100803.086,100763.086,100732.29,100708.69,100690.69,100676.69,100665.89,100662.69,100661.086,100660.69,100664.69,100671.484,100679.484,100688.69,100694.69,100698.69,100710.69,100683.484,100617.484
102315.89,102341.086,102358.29,102372.69,102375.89,102370.29,102355.484,102325.086,102296.29,102263.086,102223.484,102180.29,102128.29,102075.89,102016.69,101961.89,101906.29,101846.69,101809.484,101777.086,101742.69,101707.484,101671.086,101635.89,101597.484,101551.484,101499.086,101448.29,101395.484,101341.484,101287.086,101236.69,101189.484,101143.086,101099.89,101059.086,101022.69,100986.29,100948.29,100915.89,100890.69,100869.484,100850.29,100831.086,100815.484,100803.484,100797.086,100789.086,100779.89,100784.69,100791.89,100799.086,100813.484,100830.69,100818.69,100713.89,100690.29,100678.29
102373.89,102414.29,102444.29,102455.89,102455.086,102439.086,102416.29,102391.89,102362.29,102327.086,102283.89,102237.086,102185.086,102128.29,102078.29,102023.484,101968.69,101912.29,101856.29,101793.89,101734.69,101691.086,101654.29,101613.89,101567.484,101531.484,101496.29,101455.89,101413.086,101361.89,101314.29,101267.484,101216.29,101168.29,101124.29,101095.484,101052.69,101009.086,100993.484,100979.89,100956.69,100931.086,100907.89,100886.69,100882.29,100883.89,100884.69,100884.69,100891.484,100899.086,100906.69,100913.484,100902.69,100903.086,100892.29,100861.086,100848.29,100831.086
102451.484,102485.89,102519.89,102525.484,102510.69,102481.484,102450.29,102429.89,102405.89,102375.484,102337.89,102293.89,102245.086,102194.69,102145.89,102098.29,102049.484,101999.484,101951.086,101899.484,101849.484,101798.29,101749.484,101701.086,101649.89,101582.69,101521.086,101487.89,101445.086,101394.69,101341.086,101297.89,101248.69,101201.484,101164.69,101134.29,101101.086,101081.89,101067.484,101038.29,101013.484,101002.29,101000.29,100997.89,100996.29,100995.89,100993.89,100987.89,100985.086,100986.69,100989.086,100994.69,101006.69,101013.086,101017.484,101002.29,100991.484,100986.29
102541.086,102556.29,102579.89,102580.29,102561.484,102528.29,102492.29,102464.29,102437.484,102410.29,102382.29,102349.086,102299.89,102252.69,102205.89,102163.086,102123.484,102082.29,102052.69,102050.69,101974.69,101937.484,101873.086,101741.89,101698.29,101641.89,101620.69,101551.086,101492.69,101445.89,101399.89,101375.086,101345.086,101310.69,101264.29,101237.086,101222.69,101200.29,101173.89,101148.69,101130.69,101120.29,101087.086,101068.69,101087.086,101095.484,101093.89,101089.086,101092.29,101112.29,101118.69,101129.086,101137.89,101147.484,101155.086,101157.89,101165.086,101171.086
102635.086,102633.086,102630.29,102629.086,102604.69,102574.29,102545.086,102510.69,102477.484,102441.484,102409.484,102382.29,102340.29,102294.29,102249.484,102207.484,102179.484,102123.484,102095.484,102019.484,101876.29,101809.484,101727.086,101686.69,101654.29,101607.89,101569.086,101536.69,101545.89,101470.29,101438.29,101400.69,101371.086,101340.69,101327.484,101303.89,101307.484,101317.086,101299.89,101279.89,101262.69,101249.086,101238.29,101245.086,101238.69,101238.29,101260.69,101273.484,101295.89,101269.086,101257.89,101291.484,101311.484,101324.29,101326.69,101327.086,101329.484,101322.29
102711.484,102699.89,102683.086,102664.29,102639.484,102611.484,102577.89,102530.29,102481.89,102445.484,102414.69,102372.69,102329.086,102281.89,102220.69,102157.484,102149.89,102051.086,101939.086,101724.29,101760.69,101705.484,101658.69,101593.086,101560.69,101508.69,101447.086,101402.69,101360.69,101333.484,101299.89,101276.69,101245.484,101251.484,101250.69,101314.29,101321.484,101311.89,101290.69,101293.89,101307.484,101303.086,101303.086,101331.086,101369.086,101379.484,101338.69,101414.29,101440.69,101461.086,101445.89,101414.29,101411.086,101420.29,101421.89,101424.69,101397.086,101386.29
102773.086,102748.69,102718.29,102686.29,102663.89,102628.29,102579.89,102528.69,102465.484,102402.69,102384.69,102339.484,102292.69,102252.69,102243.89,102122.29,101995.086,101855.086,101671.086,101605.89,101626.69,101559.484,101513.89,101489.89,101430.69,101355.484,101245.086,101216.29,101138.29,101091.89,101134.69,101166.29,101182.69,101194.69,101197.484,101212.69,101220.29,101275.89,101302.69,101305.484,101343.484,101379.484,101439.89,101485.086,101522.29,101530.29,101521.484,101531.086,101538.69,101527.484,101517.484,101533.484,101537.086,101543.086,101530.29,101475.086,101462.69,101424.29
102784.29,102778.29,102754.69,102717.89,102681.484,102646.69,102609.89,102557.086,102488.69,102411.484,102366.29,102314.29,102269.89,102203.89,102151.89,102032.29,101881.086,101735.484,101693.086,101572.69,101515.086,101473.086,101411.89,101347.086,101263.89,101187.484,101144.29,101113.484,101104.29,101115.89,101141.89,101243.086,101258.69,101215.086,101217.484,101278.29,101335.89,101364.69,101395.086,101405.086,101433.89,101455.89,101489.086,101497.89,101538.29,101575.89,101603.086,101615.086,101619.086,101614.29,101604.29,101605.086,101624.29,101594.29,101563.086,101541.89,101517.484,101479.484
102789.89,102781.484,102763.484,102726.29,102685.89,102657.086,102619.89,102571.086,102519.484,102471.89,102419.484,102363.89,102313.89,102243.484,102164.69,102021.89,101860.29,101766.29,101698.29,101614.29,101537.89,101463.89,101438.69,101392.69,101330.29,101300.69,101237.89,101226.29,101216.29,101254.69,101266.69,101259.484,101265.484,101266.69,101285.484,101331.89,101399.89,101441.484,101458.29,101527.086,101581.484,101564.29,101580.69,101597.89,101634.29,101660.69,101687.484,101693.086,101679.086,101665.086,101677.086,101647.086,101617.89,101595.484,101592.69,101580.29,101539.484,101498.69
