demo/data/weather/current/current-wind-surface-level-gfs-1.0.json
{"header": {"discipline":0,"disciplineName":"Meteorological products","gribEdition":2,"gribLength":79536,"center":7,"centerName":"US National Weather Service - NCEP(WMC)","subcenter":0,"refTime":"2023-06-08T06:00:00.000Z","significanceOfRT":1,"significanceOfRTName":"Start of forecast","productStatus":0,"productStatusName":"Operational products","productType":1,"productTypeName":"Forecast products","productDefinitionTemplate":0,"productDefinitionTemplateName":"Analysis\/forecast at horizontal level\/layer at a point in time","parameterCategory":2,"parameterCategoryName":"Momentum","parameterNumber":2,"parameterNumberName":"U-component_of_wind","parameterUnit":"m.s-1","genProcessType":2,"genProcessTypeName":"Forecast","forecastTime":0,"surface1Type":100,"surface1TypeName":"Isobaric surface","surface1Value":100000,"surface2Type":255,"surface2TypeName":"Missing","surface2Value":0,"gridDefinitionTemplate":0,"gridDefinitionTemplateName":"Latitude_Longitude","numberPoints":65160,"shape":6,"shapeName":"Earth spherical with radius of 6,371,229.0 m","gridUnits":"degrees","resolution":48,"winds":"true","scanMode":0,"nx":360,"ny":181,"basicAngle":0,"lo1":0,"la1":90,"lo2":359,"la2":-90,"dx":1,"dy":1}, "data":
[rows 50 to 74 of 181, columns 171 to 227 of 360]
-2.5880883,-1.4480884,-0.45808837,0.51191163,1.1619116,2.4319117,4.1419115,5.7119117,6.7519116,7.3919115,8.731912,9.081912,10.061912,10.381911,11.451912,12.371912,13.3919115,12.511911,12.351912,11.751911,10.591911,10.341911,10.791912,10.901912,11.531912,11.451912,9.251911,9.811912,8.921911,9.191912,7.0219116,6.0419116,5.611912,5.071912,5.2219114,4.9519114,4.1619115,4.3919115,1.8919116,3.0819116,3.3619115,3.3819115,3.6219115,3.8519115,3.1919117,4.111912,3.9519117,4.3519115,4.5419116,3.8319116,5.2719116,6.7019114,1.4819117,0.3419116,2.1819117,2.8619115,2.9919116
-7.448088,-7.5780883,-6.7380886,-6.2680883,-5.7680883,-4.4780884,-2.4180884,-0.8480884,-0.06808838,1.9319116,2.5919116,4.3119116,5.7619114,6.571912,7.591912,8.081912,8.851912,9.191912,10.501911,10.881911,10.181911,10.351912,10.061912,10.371912,9.861912,8.951912,8.281912,7.6019115,7.5419116,7.551912,6.281912,6.4819117,4.5019116,3.7519116,5.3119116,5.8519115,3.9319117,3.6119115,3.8519115,3.3519115,3.4519117,3.5519116,4.4919114,4.1919117,4.2619114,3.5719116,4.0619116,3.8019116,2.8719115,4.4919114,5.2019114,8.511911,1.9619117,1.8719116,2.4719117,2.4719117,3.1019115
-9.568089,-9.448089,-11.458088,-10.668088,-11.598088,-10.298088,-7.5280886,-6.6480885,-5.9880886,-4.8780885,-3.2680883,-1.3080884,1.1719116,2.1819117,1.8619117,1.9719117,3.2019117,4.801912,5.7619114,8.231912,8.8919115,8.751911,8.521912,8.261911,7.4819117,7.2219114,6.6719117,6.4619117,5.8319116,5.861912,7.051912,6.8519115,5.5819116,4.4719114,5.0119114,5.2419114,4.8719115,3.9319117,4.281912,4.071912,3.3919115,3.2919116,3.4019117,3.4719117,3.0219116,2.8919115,2.4219117,3.6719117,4.2519116,4.2319117,4.7019114,6.281912,3.2219117,2.9619117,3.3719115,2.8419116,2.7519116
11.781912,11.751911,12.521912,12.001911,13.031912,12.401912,10.001911,1.2919116,-6.388088,-8.288089,-8.348088,-7.2880883,-6.6880884,-6.2480884,-3.2680883,-2.9380884,-2.4180884,-0.47808838,1.3119116,2.7419116,3.7719116,4.4819117,5.7119117,6.111912,5.5119114,4.4619117,4.571912,4.6619115,4.8519115,5.7519116,6.5119114,8.521912,6.5219116,5.1319118,4.051912,4.551912,4.5819116,3.2919116,3.3519115,3.6719117,3.3219116,2.5619116,2.5619116,2.3919115,2.4819117,2.3719115,2.6619117,2.5319116,0.5819116,1.2019116,9.321912,5.4319115,3.5519116,2.9519117,4.2219114,2.5119116,2.1019115
12.361912,12.041912,12.741912,12.901912,12.331912,12.161912,11.781912,10.711911,9.601912,9.071912,9.111912,9.801911,10.171911,7.7919116,4.8819118,2.2519116,1.4019116,3.7419116,4.7519116,5.2619114,6.2119117,6.591912,7.051912,6.8919115,6.6919117,5.591912,4.5219116,4.1819115,4.591912,6.2419114,7.7219114,7.5619116,6.5119114,5.2519116,4.1619115,3.6919117,3.3019116,3.0819116,3.0019116,2.9619117,2.3519115,2.2519116,1.7019116,2.1719117,2.8919115,3.3619115,2.7719116,3.2319117,2.9119117,7.8319116,6.6719117,5.2019114,4.0819116,4.2519116,3.8119116,2.4119117,3.0119116
11.321912,10.671911,10.571912,11.221911,10.991912,10.081912,9.701912,9.311912,9.211911,8.911912,8.421911,8.261911,8.201912,8.561912,8.731912,8.671911,8.501911,7.9919114,6.9219117,6.9019117,7.2419114,7.1619115,6.5819116,6.2419114,7.2519116,7.1819115,5.7119117,5.551912,6.1419115,6.9919114,6.6219115,5.6219115,4.9719114,3.7519116,3.2619116,2.1619117,2.4019117,2.0619116,1.8619117,1.4019116,1.3619117,1.2119117,2.2219117,1.3219116,1.4719117,0.3419116,1.9719117,8.351912,7.1819115,6.341912,5.591912,4.1719117,3.9019117,3.8019116,2.5619116,2.8219116,1.7919116
7.8719115,7.8719115,7.8719115,7.7719116,7.7019114,8.531912,8.451912,7.5419116,7.4219117,7.5819116,8.191912,6.4219117,6.5419116,6.3319116,6.2219114,6.0419116,5.4119115,4.861912,5.4619117,4.7019114,4.7719116,4.4519114,4.6519117,5.8919115,6.1919117,5.6619115,6.4119115,5.9919114,5.611912,5.2419114,4.6919117,3.9919116,2.9619117,2.5019116,1.9319116,1.5919117,1.1819116,1.1019117,0.7319116,0.7319116,1.3819116,2.1019115,1.6819116,0.8919116,3.5319116,7.6619115,7.6919117,7.9119115,6.8319116,5.9819117,5.1519117,4.9919114,3.8219116,3.8119116,2.8519115,2.8019116,1.7419116
6.551912,5.8919115,5.8119116,5.7719116,6.571912,6.3819118,5.6719117,5.6619115,5.091912,4.9719114,4.6219115,4.5619116,4.1219115,3.7719116,3.4619117,3.0719116,2.9619117,2.3819115,3.0319116,1.7919116,1.7319117,2.7519116,4.031912,2.9619117,3.5019116,3.0919116,2.6619117,3.0719116,3.1619117,2.9619117,2.3919115,1.8319116,1.3119116,0.76191163,0.06191162,-0.14808838,-0.56808835,0.4419116,1.5219116,1.9819117,1.5119116,1.1619116,1.7619116,7.0119114,7.7519116,7.6419115,7.0619116,6.6719117,5.8119116,5.0819116,4.5819116,3.8219116,3.3719115,2.7119117,2.7219117,1.9719117,1.5019116
3.9919116,3.8519115,3.6319115,4.0219116,3.7219117,3.5219116,3.3119116,3.2419116,2.4619117,1.9819117,1.6719116,1.3519117,0.8319116,0.51191163,0.45191163,-0.08808838,-0.75808835,-0.7980884,-0.6680884,-0.36808836,-0.6480884,-0.7980884,-0.24808837,0.10191162,0.18191162,0.51191163,0.7819116,0.9619116,1.0919117,0.87191164,0.5819116,0.13191162,-0.04808838,-0.18808837,-0.02808838,-0.25808838,0.22191162,-0.9580884,-0.41808838,0.36191162,2.8319116,5.1719117,7.4419117,7.1819115,7.0619116,6.1619115,5.6019115,5.051912,4.7219114,3.8719115,3.5319116,3.2219117,2.5719116,2.1819117,1.5419116,1.6319116,1.3719116
2.1319115,1.9619117,2.1519117,2.0319116,0.6519116,1.1119117,1.1819116,0.39191163,-0.24808837,-0.9180884,-1.2180884,-1.4180884,-1.4980884,-1.9580884,-2.2180884,-2.5480883,-3.1780884,-3.6380885,-3.5880883,-3.1280885,-2.5680883,-2.4080884,-2.3180883,-2.0180883,-1.7780883,-1.7780883,-1.8380884,-1.7580884,-1.5980884,-1.2880883,-0.8380884,-0.81808835,-0.7680884,-0.36808836,-1.7880883,-1.3980883,-0.5880884,-0.058088377,2.2619116,3.6619117,6.361912,6.6819115,6.111912,6.1919117,5.7319117,4.9919114,4.341912,3.8519115,3.2719116,3.0919116,3.0319116,1.9419116,2.1019115,1.8119116,0.5419116,1.0019116,1.0319116
0.04191162,0.27191162,-0.5180884,-0.6980884,-1.4180884,-1.7880883,-2.1080885,-2.4480884,-2.3980885,-2.6280885,-2.9380884,-3.0780883,-3.1480885,-3.4780884,-3.8280883,-4.1080885,-4.468088,-4.5680885,-4.3980885,-4.2380886,-4.198088,-3.6780884,-3.3180883,-3.1180885,-2.8980885,-3.0780883,-3.1380885,-3.2680883,-2.9080884,-2.5480883,-2.2080884,-2.1280885,-1.5280883,-1.0880884,-0.4080884,0.9619116,2.2419116,4.0619116,6.3119116,5.571912,5.0019116,4.281912,4.6919117,4.591912,4.1419115,3.9619117,2.5319116,2.1819117,1.8119116,1.5419116,0.7219116,0.9719116,0.7919116,0.5919116,0.021911621,0.43191162,0.7819116
-2.4180884,-2.2180884,-2.3280883,-3.1980884,-3.8180883,-4.0080886,-3.8280883,-4.0380883,-4.1680884,-4.1480885,-5.0680885,-4.3980885,-5.5880885,-5.1680884,-4.9780884,-4.9180884,-5.2280884,-5.428088,-5.2480884,-5.1480885,-4.9880886,-4.5980883,-4.3080883,-4.1180882,-4.218088,-4.1280885,-3.4680884,-2.9780884,-2.6980884,-2.5380883,-2.6180885,-2.5180883,-2.4280884,-1.8280884,-1.3880883,2.3019116,1.8919116,5.071912,5.0119114,4.3519115,3.7819116,3.5719116,3.2419116,2.9319117,2.1819117,2.4319117,1.4119116,0.8619116,0.111911625,-0.75808835,-0.44808838,-0.9680884,-0.13808838,-0.61808836,-0.11808838,-0.11808838,0.3119116
-3.1980884,-2.9880884,-3.8880885,-4.4880886,-5.3780885,-5.448088,-5.3580885,-5.5080886,-5.7480884,-5.3580885,-6.8180885,-6.3280883,-6.468088,-6.468088,-6.2680883,-6.5180883,-6.2580886,-5.908088,-5.7680883,-5.1480885,-4.8380885,-5.2680883,-5.218088,-4.7780886,-4.0880885,-4.0980883,-4.2980886,-4.2480884,-4.2980886,-3.4380884,-2.5880883,-1.5980884,-0.7980884,0.76191163,1.7619116,2.9019117,3.6719117,3.7419116,3.2519116,2.0219116,1.4919116,1.6319116,1.3019116,1.0019116,0.48191163,0.04191162,-0.39808837,-1.0980884,-2.0480883,-1.6880884,-0.98808837,-0.8480884,-0.8280884,-0.20808838,-0.5880884,0.04191162,0.23191161
-4.7580886,-4.888088,-4.7880883,-5.4880886,-6.1280885,-6.3080883,-6.5180883,-6.698088,-6.968088,-7.4580884,-7.3780885,-7.5180883,-7.5380883,-7.2680883,-6.5780883,-6.2080884,-6.7680883,-6.6180882,-6.5480886,-6.9580884,-6.948088,-5.7580886,-6.388088,-6.5780883,-6.3380885,-5.4980884,-3.7180884,-2.9580884,-3.6980884,-2.5680883,-2.0680883,-0.5480884,0.29191163,0.8919116,3.9619117,3.2819116,3.0519116,2.0119116,1.1619116,0.09191162,-0.80808836,0.011911621,-0.15808839,-1.0180883,-1.7780883,-1.8680884,-2.1380885,-2.3880885,-2.4280884,-2.2780883,-1.8280884,-1.7280884,-1.7180884,-1.4380884,-0.9780884,-0.41808838,-0.38808838
-7.2680883,-7.0980883,-7.158088,-6.178088,-6.678088,-7.0180883,-8.248089,-7.7780886,-8.3580885,-8.558088,-8.758088,-7.2780886,-7.468088,-6.7780886,-7.3780885,-7.2380886,-8.228088,-8.318089,-8.008088,-6.9180884,-6.7080884,-6.4180884,-5.638088,-5.3180885,-5.5080886,-4.9980884,-3.9380884,-3.9480884,-3.1480885,-1.5280883,-0.75808835,-0.22808838,1.8619117,2.0919116,1.7119117,1.5919117,0.9719116,1.0919117,0.36191162,0.46191162,-1.0380883,-1.5880884,-1.3380884,-2.2980883,-3.1480885,-3.2280884,-3.0880883,-3.4480884,-2.9580884,-2.5380883,-3.1380885,-2.7180884,-2.9180884,-3.0180883,-2.4180884,-1.4280884,-0.56808835
-9.058088,-8.978088,-8.658089,-7.9380884,-8.018088,-8.098088,-9.398088,-9.488089,-8.768088,-8.8580885,-9.708088,-9.868089,-8.6080885,-8.528089,-7.2780886,-7.5380883,-6.8080883,-6.4180884,-6.6880884,-7.2980886,-7.1180882,-6.388088,-6.0380883,-6.8080883,-5.6280885,-3.3680885,-5.6180882,-5.0380883,-3.9680884,-1.6080884,-1.1880884,-0.8880884,-0.008088379,-1.1780884,-0.4080884,0.13191162,-0.18808837,-0.7080884,-0.6080884,0.0019116211,-1.4580884,-2.4180884,-2.9380884,-2.8680885,-3.2380884,-3.5480883,-3.8980885,-3.2280884,-4.0180883,-3.0780883,-3.8180883,-3.1280885,-3.2380884,-1.8680884,-3.3680885,-2.2980883,-1.1980884
-10.098088,-9.338088,-9.408089,-9.088088,-8.528089,-7.8180885,-8.538089,-9.188088,-9.628088,-9.208088,-6.6680884,-7.1280885,-7.9580884,-7.5980883,-7.8380885,-7.5880885,-8.158089,-5.3280883,-5.3980885,-3.2180884,-4.5080886,-4.6480885,-4.1180882,-4.3480883,-3.8980885,-3.9280884,-3.4580884,-3.8980885,-3.7580884,-3.6180885,-2.9680884,-3.2980883,-3.6680884,-2.5080884,-1.0980884,-2.3780885,-0.80808836,-0.73808837,-1.1480883,-1.9980884,-3.8780885,-3.6380885,-4.468088,-4.2380886,-5.178088,-4.5480886,-3.6880884,-4.4980884,-4.138088,-3.5380883,-4.1880884,-3.7980883,-4.0580883,-3.1680884,-4.1080885,-2.3880885,-2.5780883
-9.978088,-10.258088,-9.978088,-9.418088,-9.258088,-9.368089,-8.228088,-7.2080884,-7.1680884,-8.178088,-7.4880886,-7.4380884,-8.438088,-7.218088,-6.698088,-6.448088,-5.7680883,-5.7680883,-5.5480886,-5.5080886,-5.6480885,-5.2880883,-5.4780884,-5.7380886,-5.0580883,-5.448088,-5.468088,-4.8180885,-4.948088,-5.468088,-5.8380885,-5.7780886,-4.968088,-4.5380883,-3.3380883,-2.2980883,-2.5580883,-3.2480884,-3.5580883,-4.2980886,-5.1280885,-4.8380885,-5.2080884,-4.408088,-4.3780885,-4.9180884,-5.3480883,-5.3180885,-4.2080884,-4.1880884,-4.928088,-3.7480884,-5.0580883,-4.178088,-4.8380885,-4.7280884,-4.2780886
-10.478088,-10.308088,-9.758088,-10.648088,-9.798088,-9.368089,-9.238089,-8.408089,-7.638088,-7.3780885,-7.6280885,-5.8980885,-7.5580883,-8.268088,-7.8180885,-7.1680884,-8.1080885,-7.3080883,-7.138088,-6.5380883,-6.9980884,-6.4380884,-6.5280886,-6.3480883,-5.428088,-6.138088,-5.3580885,-5.5380883,-5.4180884,-2.7480884,-6.718088,-7.0780883,-7.4580884,-6.8380885,-5.658088,-4.5780883,-4.2780886,-4.7680883,-5.3680882,-5.6280885,-5.908088,-6.0280886,-5.5180883,-5.0080886,-3.9280884,-4.5580883,-6.1080885,-5.2980886,-4.178088,-3.6780884,-3.8380883,-4.3280883,-4.5080886,-4.0180883,-5.2980886,-3.9880884,-3.9780884
-9.398088,-9.598088,-9.968088,-9.428088,-8.998089,-8.118089,-8.348088,-8.618089,-8.528089,-7.7280884,-6.9980884,-7.7780886,-8.708088,-9.308088,-8.148088,-8.828089,-8.738089,-7.948088,-7.5280886,-7.9780884,-6.8480883,-7.4980884,-7.0080886,-7.1080885,-6.7380886,-7.9780884,-6.5280886,-7.0980883,-5.4980884,-4.7980886,-2.8480883,-8.228088,-4.9980884,-7.968088,-7.218088,-6.0380883,-5.5880885,-6.3380885,-6.3980885,-6.7080884,-6.448088,-6.6480885,-6.8180885,-5.7780886,-5.6280885,-6.5980883,-6.8180885,-5.0080886,-4.0280886,-3.1680884,-4.2080884,-3.2280884,-3.1180885,-3.2380884,-2.7680883,-2.9880884,-3.9380884
-9.628088,-9.258088,-9.218088,-9.688088,-9.008088,-7.8780885,-7.3180885,-7.2880883,-8.218088,-8.498089,-7.7780886,-7.8580885,-7.3180885,-9.558088,-9.328089,-8.238089,-9.018088,-8.3580885,-7.7680883,-7.7280884,-7.7680883,-7.5580883,-7.5380883,-7.8980885,-7.178088,-7.4980884,-6.7080884,-6.198088,-7.0380883,-5.138088,-5.3480883,-4.7080884,-6.5580883,3.4119117,-6.5180883,-6.8180885,-6.698088,-7.4380884,-7.158088,-7.1480885,-7.448088,-7.5380883,-7.658088,-6.5280886,-7.138088,-8.138088,-7.4780884,-6.5480886,-5.3780885,-4.5880885,-3.8580885,-3.3380883,-3.2780883,-3.3980885,-3.2180884,-4.0280886,-3.9880884
-8.838088,-8.598088,-8.128088,-9.338088,-9.148088,-8.818089,-7.7980886,-7.0480886,-7.0680885,-7.2780886,-7.218088,-8.008088,-8.128088,-8.638088,-8.778089,-9.348088,-8.588088,-8.278089,-8.588088,-9.098088,-8.828089,-8.028089,-8.878088,-8.328089,-8.548088,-9.268088,-8.468088,-8.378088,-7.3480883,-4.6180882,-6.3280883,-6.0780883,-6.1480885,-8.418088,-7.8780885,-7.5680885,-8.168088,-8.238089,-7.8980885,-8.078089,-7.8480883,-7.5780883,-6.9780884,-6.3180885,-6.3080883,-6.3680882,-7.4580884,-7.158088,-7.2680883,-6.3480883,-5.408088,-4.2480884,-4.0180883,-4.2680883,-4.2980886,-4.3780885,-3.7880883
-6.3380885,-6.468088,-8.3580885,-6.5680885,-9.188088,-9.138088,-8.278089,-6.6880884,-6.7980886,-7.638088,-7.8480883,-8.068089,-8.128088,-8.718088,-9.718088,-9.888088,-9.148088,-9.068089,-7.7280884,-7.4580884,-6.928088,-8.688088,-8.038089,-9.058088,-8.878088,-8.308088,-9.728088,-9.828089,-9.188088,-8.888088,-8.368089,-9.088088,-9.428088,-9.998089,-9.838088,-9.428088,-9.368089,-8.938088,-8.6080885,-8.518088,-8.168088,-7.9780884,-7.6280885,-7.0280886,-6.9180884,-6.8680882,-6.448088,-6.678088,-6.5380883,-6.5380883,-5.3980885,-4.658088,-4.448088,-4.8080883,-4.1180882,-4.8380885,-4.388088
-5.8180885,-6.2080884,-5.638088,-6.678088,-7.5480886,-6.9880886,-7.678088,-8.178088,-7.6680884,-7.0280886,-7.2980886,-7.5980883,-7.7080884,-8.078089,-9.458088,-8.998089,-9.498089,-8.378088,-7.658088,-7.7580886,-7.8080883,-8.238089,-8.038089,-8.068089,-7.428088,-7.908088,-10.298088,-9.918088,-9.728088,-9.638088,-9.808088,-10.118089,-10.188088,-10.148088,-11.148088,-10.128088,-9.948089,-9.518088,-9.138088,-9.058088,-8.368089,-7.968088,-7.1080885,-7.1880884,-6.4880886,-6.0380883,-7.218088,-6.908088,-6.7880883,-6.2480884,-5.9580884,-6.0980883,-5.4780884,-4.7080884,-5.698088,-4.678088,-4.8180885
-6.7780886,-5.948088,-5.5280886,-6.5780883,-7.3180885,-7.0180883,-7.888088,-7.5880885,-8.268088,-7.5580883,-8.288089,-7.0280886,-7.1080885,-8.208088,-8.3580885,-9.508088,-9.088088,-8.568089,-8.178088,-8.258088,-7.8080883,-7.7680883,-7.3380885,-8.398088,-7.9180884,-9.088088,-10.788089,-10.308088,-10.398088,-10.058088,-10.088088,-10.238089,-10.718088,-9.948089,-11.408089,-11.208088,-10.648088,-9.878088,-9.478088,-9.248089,-8.338088,-7.8180885,-8.028089,-6.7680883,-7.4880886,-6.4580884,-6.3480883,-7.0080886,-6.1880884,-5.8980885,-6.1280885,-6.408088,-5.8980885,-5.968088,-6.0180883,-5.678088,-5.3280883
