demo/data/weather/current/current-mean_sea_level_pressure-surface-level-gfs-1.0.json
{"header": {"discipline":0,"disciplineName":"Meteorological products","gribEdition":2,"gribLength":74631,"center":7,"centerName":"US National Weather Service - NCEP(WMC)","subcenter":0,"refTime":"2023-06-08T06:00:00.000Z","significanceOfRT":1,"significanceOfRTName":"Start of forecast","productStatus":0,"productStatusName":"Operational products","productType":1,"productTypeName":"Forecast products","productDefinitionTemplate":0,"productDefinitionTemplateName":"Analysis\/forecast at horizontal level\/layer at a point in time","parameterCategory":3,"parameterCategoryName":"Mass","parameterNumber":1,"parameterNumberName":"Pressure_reduced_to_MSL","parameterUnit":"Pa","genProcessType":2,"genProcessTypeName":"Forecast","forecastTime":0,"surface1Type":101,"surface1TypeName":"Mean sea level","surface1Value":0,"surface2Type":255,"surface2TypeName":"Missing","surface2Value":0,"gridDefinitionTemplate":0,"gridDefinitionTemplateName":"Latitude_Longitude","numberPoints":65160,"shape":6,"shapeName":"Earth spherical with radius of 6,371,229.0 m","gridUnits":"degrees","resolution":48,"winds":"true","scanMode":0,"nx":360,"ny":181,"basicAngle":0,"lo1":0,"la1":90,"lo2":359,"la2":-90,"dx":1,"dy":1}, "data":
[rows 104 to 129 of 181, columns 290 to 347 of 360]
102381.89,101802.69,101546.29,101447.484,101409.89,101406.29,101422.69,101443.086,101453.89,101482.29,101498.69,101600.29,101580.69,101580.69,101549.086,101574.29,101617.086,101576.69,101563.89,101552.69,101562.29,101660.69,101718.29,101816.69,101869.484,101916.29,101857.484,101855.484,101950.29,101917.484,101997.086,101867.086,101779.086,101751.086,101729.89,101719.086,101711.89,101707.086,101717.89,101735.086,101747.484,101785.484,101807.484,101804.69,101822.29,101821.89,101835.484,101836.69,101859.484,101873.086,101883.89,101870.29,101859.086,101864.69,101872.29,101895.484,101879.89,101901.484
102339.086,102347.89,101793.484,101477.086,101447.89,101398.69,101439.484,101461.484,101481.086,101467.89,101496.29,101581.89,101539.89,101495.484,101550.69,101613.484,101663.89,101625.086,101597.484,101575.484,101675.89,101757.89,101858.29,101833.484,101972.69,101984.69,101925.086,101989.484,102082.69,102059.086,102057.484,101920.29,101829.086,101794.69,101785.086,101785.484,101777.484,101760.69,101757.484,101788.69,101799.484,101836.69,101852.29,101867.484,101881.086,101894.29,101883.484,101895.89,101901.484,101896.69,101913.484,101906.69,101903.484,101910.29,101913.484,101905.484,101930.69,101951.086
102205.89,102102.69,102231.086,101841.086,101467.484,101439.086,101438.69,101482.29,101555.89,101532.29,101489.484,101515.484,101483.89,101501.086,101475.89,101585.484,101610.69,101692.29,101674.69,101692.29,101820.29,101879.484,101979.89,101967.484,101987.484,101955.086,102041.086,102088.29,102132.29,102143.89,102063.086,101949.484,101877.89,101850.29,101831.484,101854.29,101849.89,101844.69,101834.69,101843.484,101858.29,101892.69,101913.89,101928.69,101941.89,101965.89,101946.69,101943.484,101947.086,101951.484,101966.29,101979.484,101977.086,101964.69,101978.29,101983.484,101997.484,101994.69
102489.89,102158.69,102229.086,102199.89,102245.484,101467.086,101443.484,101419.89,101477.086,101525.89,101514.29,101495.484,101480.29,101511.086,101498.29,101522.29,101711.484,101774.29,101814.29,101833.484,101827.484,101896.69,101960.29,101983.086,101977.89,102041.89,102132.29,102206.69,102170.29,102163.086,102118.29,101975.484,101941.086,101911.484,101914.69,101900.29,101908.69,101922.69,101931.086,101925.89,101953.89,101982.29,101987.484,101995.89,102010.29,102018.69,102007.484,102007.484,102002.29,102029.484,102027.89,102047.086,102048.69,102037.89,102036.29,102021.086,102029.086,102001.484
101896.69,102391.89,102160.29,102129.086,101865.89,101819.086,101853.086,101387.484,101430.69,101483.89,101551.89,101588.29,101542.69,101532.69,101525.484,101559.89,101675.89,101890.29,101857.484,101866.29,101829.484,101966.69,101971.086,102030.29,102049.484,102077.89,102162.29,102259.484,102196.69,102173.89,102093.89,102011.484,101994.69,101976.29,101939.086,101963.484,101948.29,101977.086,101991.484,101998.29,102023.484,102039.086,102066.69,102061.484,102052.69,102068.29,102055.484,102055.086,102047.086,102047.89,102068.69,102055.484,102075.89,102071.086,102062.69,102047.89,102059.89,102059.89
101681.89,102471.484,102243.484,102057.484,102157.086,101819.086,101626.29,101337.484,101400.69,101451.89,101434.69,101516.69,101535.89,101553.484,101566.69,101683.89,101743.086,101828.69,101852.69,101833.89,101859.086,101917.484,102072.29,102120.69,102127.484,102130.29,102139.89,102279.89,102172.69,102203.484,102117.89,102046.29,102053.484,102030.29,101998.29,102014.29,102023.89,102026.69,102050.29,102064.69,102068.69,102082.29,102091.89,102108.69,102123.484,102110.29,102105.484,102101.484,102092.69,102075.484,102062.69,102053.086,102064.69,102073.484,102106.29,102135.89,102116.69,102131.484
101770.69,102401.086,102856.29,102273.086,102067.89,101873.086,101617.484,101368.69,101357.484,101378.29,101445.086,101477.086,101518.69,101627.086,101626.69,101726.69,101828.69,101823.484,101839.89,101851.086,101871.086,101929.086,101999.89,102183.086,102169.89,102205.484,102219.484,102246.29,102271.484,102254.69,102105.89,102075.484,102081.89,102082.29,102085.484,102090.29,102096.29,102083.484,102091.484,102116.29,102126.29,102145.484,102156.29,102165.484,102171.086,102155.086,102167.484,102147.484,102149.89,102135.484,102137.89,102107.086,102109.89,102133.89,102153.086,102156.29,102189.89,102192.69
101772.69,101964.29,102427.086,102397.484,102249.89,101774.69,101415.89,101298.69,101307.086,101355.484,101439.89,101501.086,101533.484,101619.086,101703.086,101785.89,101846.29,101840.69,101853.89,101867.086,101910.29,101957.484,102017.89,102165.086,102215.086,102235.086,102258.69,102211.484,102186.29,102121.484,102083.484,102093.086,102092.69,102125.086,102134.69,102137.086,102141.086,102134.29,102136.69,102139.086,102157.086,102171.484,102189.086,102203.484,102201.484,102205.484,102218.29,102215.89,102200.29,102199.89,102171.89,102173.89,102185.484,102191.086,102200.29,102235.086,102213.89,102221.484
101746.69,102010.69,102630.69,102490.69,101958.69,101772.29,101462.29,101261.484,101292.29,101381.89,101459.086,101520.29,101553.484,101653.89,101727.086,101827.484,101836.29,101875.484,101881.484,101909.89,101958.29,102007.89,102069.086,102124.69,102257.89,102307.086,102276.69,102234.29,102200.69,102098.29,102102.69,102112.69,102115.086,102135.89,102150.29,102161.086,102160.29,102161.484,102164.29,102167.086,102166.69,102171.484,102176.69,102194.29,102210.69,102222.29,102219.89,102218.29,102219.484,102232.29,102210.29,102214.29,102219.086,102198.29,102213.086,102218.29,102224.29,102200.29
101689.484,101946.29,102133.484,102637.484,101977.484,101788.29,101275.484,101244.69,101298.69,101423.086,101486.29,101526.69,101598.69,101663.484,101774.29,101855.086,101863.484,101884.29,101944.29,102009.086,102035.484,102071.086,102082.69,102135.086,102228.29,102222.69,102027.484,102045.484,102055.89,102077.484,102101.89,102118.69,102131.086,102148.29,102163.484,102168.69,102171.484,102164.29,102164.29,102158.69,102149.89,102138.69,102148.69,102163.086,102181.484,102183.484,102187.484,102198.69,102204.69,102200.29,102206.69,102205.89,102201.086,102198.69,102199.086,102189.89,102218.29,102206.69
101698.29,101955.086,102400.29,102455.484,102026.29,101447.086,101269.89,101252.69,101342.69,101403.484,101475.484,101558.29,101615.484,101652.29,101762.29,101857.484,101866.69,101939.484,102032.69,102125.89,102139.89,102155.89,102130.69,102098.69,101947.484,101981.086,102015.89,102043.086,102059.89,102069.89,102096.29,102118.69,102141.89,102160.69,102177.89,102185.484,102188.69,102181.086,102165.484,102173.484,102162.29,102157.89,102151.086,102136.29,102131.89,102139.086,102151.484,102143.484,102147.484,102148.69,102145.89,102173.086,102181.086,102184.29,102196.29,102207.086,102193.484,102209.484
101883.086,102490.29,102449.086,102315.484,101639.484,101439.89,101227.89,101263.89,101325.89,101393.89,101493.89,101577.89,101623.086,101681.484,101787.086,101850.69,101931.484,102049.89,102131.086,102215.89,102199.89,102174.69,101981.086,101958.69,101980.29,102001.89,102027.484,102059.484,102089.89,102118.29,102122.29,102141.086,102171.89,102189.484,102189.89,102190.69,102179.086,102174.29,102166.29,102166.69,102150.69,102157.484,102160.29,102153.086,102133.484,102129.89,102130.69,102127.89,102128.29,102129.086,102119.086,102127.89,102123.086,102131.484,102145.086,102142.29,102149.484,102168.29
101670.69,102618.29,102326.29,102409.484,101631.89,101317.89,101180.69,101213.086,101296.69,101401.086,101503.89,101567.086,101623.484,101694.29,101768.29,101863.086,101952.69,102054.29,102229.484,102224.29,102247.89,102147.086,101965.086,101978.69,102000.29,102016.29,102050.29,102083.89,102113.89,102150.29,102163.89,102175.484,102175.086,102171.086,102164.69,102156.29,102148.69,102131.484,102121.086,102131.484,102137.484,102139.484,102140.29,102143.086,102139.086,102129.484,102114.29,102111.086,102105.086,102119.89,102117.89,102109.89,102112.29,102095.89,102081.086,102079.484,102077.89,102086.29
101740.69,102547.89,102283.484,101745.484,101645.484,101153.086,101135.484,101176.29,101289.484,101387.086,101479.89,101552.29,101628.69,101688.29,101763.086,101869.484,101939.484,101995.484,102111.89,102210.29,102179.086,102048.69,101959.484,101976.69,101999.484,102010.29,102051.086,102083.484,102101.086,102117.484,102125.086,102142.29,102144.69,102137.89,102115.89,102097.89,102087.484,102090.29,102076.29,102081.89,102090.29,102091.086,102109.086,102096.29,102086.29,102076.29,102080.69,102075.89,102072.29,102089.086,102086.29,102085.484,102085.484,102080.69,102066.29,102056.69,102055.484,102047.89
101820.69,102827.89,101653.89,101185.484,101395.89,101209.89,101151.086,101159.086,101244.69,101377.484,101476.69,101545.89,101610.69,101684.69,101769.484,101814.29,101886.29,101939.086,102064.69,102152.69,102208.29,102063.086,101943.484,101963.086,101990.69,102013.89,102050.69,102069.484,102077.89,102086.69,102091.086,102093.484,102094.69,102094.69,102080.29,102067.086,102053.086,102036.69,102024.69,102022.69,102026.69,102027.086,102045.89,102031.484,102019.484,102026.29,102001.89,102016.29,102020.29,102012.29,102018.29,102036.69,102030.29,102021.086,102012.69,102021.89,102003.484,101991.89
102331.086,102177.086,101429.086,101215.484,101070.69,101155.89,101202.29,101189.89,101253.484,101349.89,101433.89,101511.89,101568.69,101633.89,101730.29,101829.086,101901.086,101925.484,101995.89,102112.29,102093.484,101910.29,101918.69,101928.29,101958.69,101979.89,102003.484,102007.89,102012.29,102021.484,102026.69,102043.89,102037.086,102032.69,102021.89,102012.29,102011.086,101983.89,101968.29,101970.69,101971.89,101973.086,101981.89,101964.29,101959.89,101939.086,101941.89,101912.29,101921.89,101930.69,101922.69,101946.69,101963.484,101939.484,101923.484,101932.69,101933.086,101928.69
102476.29,101378.69,101098.29,101165.89,101117.89,101159.89,101345.89,101261.086,101253.89,101349.086,101411.484,101494.69,101579.484,101633.484,101716.69,101755.89,101801.89,101825.086,101851.484,101849.89,101850.29,101888.69,101901.086,101909.484,101924.29,101924.69,101938.69,101954.29,101962.69,101962.69,101965.086,101961.484,101961.89,101955.89,101947.086,101945.086,101921.89,101911.086,101890.69,101869.484,101857.89,101864.69,101865.89,101859.484,101857.086,101861.89,101842.69,101831.89,101837.086,101834.29,101833.89,101849.89,101845.086,101841.89,101847.086,101839.484,101842.29,101839.89
102362.29,101181.89,101087.89,101121.484,101151.484,101271.086,101216.29,101293.086,101313.086,101313.89,101402.69,101488.69,101535.086,101615.484,101731.89,101748.69,101815.484,101858.29,101835.89,101839.89,101852.29,101856.69,101875.484,101889.89,101894.29,101891.484,101891.086,101882.69,101869.89,101867.89,101863.89,101858.29,101837.89,101821.484,101827.086,101821.89,101816.29,101784.69,101773.086,101761.484,101750.69,101735.086,101737.89,101737.89,101738.69,101739.086,101743.89,101721.89,101708.69,101721.086,101717.89,101721.89,101733.89,101729.086,101724.69,101725.484,101743.484,101743.484
102440.69,101188.29,101003.086,101133.484,101186.29,101339.086,101231.484,101227.484,101309.086,101330.69,101383.484,101459.89,101526.29,101588.29,101646.69,101701.89,101755.086,101783.484,101794.29,101829.484,101857.086,101842.69,101841.484,101859.086,101865.89,101861.89,101862.69,101857.89,101849.086,101839.086,101804.69,101763.484,101733.086,101713.89,101699.89,101687.086,101674.69,101653.086,101646.69,101627.89,101616.69,101599.086,101578.29,101565.89,101580.69,101586.69,101582.29,101578.69,101587.086,101565.484,101565.484,101578.29,101589.89,101598.69,101607.086,101624.69,101637.086,101641.086
102660.29,101058.29,101063.086,101057.086,101171.89,101223.086,101216.69,101221.484,101269.086,101341.89,101389.484,101431.086,101497.086,101523.89,101594.69,101666.29,101717.89,101751.484,101773.89,101796.69,101795.89,101861.89,101893.086,101885.484,101878.29,101869.89,101865.484,101869.086,101872.69,101855.89,101833.086,101793.484,101753.086,101706.69,101663.484,101605.484,101558.69,101511.484,101483.086,101465.89,101443.89,101422.29,101405.484,101393.086,101371.086,101365.89,101395.89,101403.89,101405.086,101415.484,101408.69,101415.89,101430.69,101465.89,101469.89,101483.086,101497.086,101513.89
102429.484,101122.29,101028.29,101046.29,101081.086,101126.29,101178.29,101239.484,101249.89,101308.69,101379.484,101415.89,101454.69,101540.29,101559.484,101692.69,101741.086,101757.484,101786.29,101801.89,101818.29,101861.484,101867.086,101893.086,101901.484,101887.89,101885.484,101890.69,101873.89,101847.484,101819.086,101780.29,101746.29,101695.086,101646.29,101574.69,101525.89,101459.484,101387.89,101328.29,101266.29,101217.086,101192.29,101178.29,101173.89,101169.086,101165.086,101165.086,101216.29,101215.484,101242.29,101265.89,101273.484,101285.086,101304.69,101322.29,101345.89,101361.484
101948.29,101119.484,100899.484,100973.086,101024.29,101081.484,101146.29,101194.29,101249.484,101308.69,101383.086,101442.29,101439.89,101460.29,101551.89,101601.086,101671.89,101735.89,101799.086,101832.29,101896.69,101902.69,101887.086,101871.086,101869.086,101857.086,101849.086,101827.484,101808.29,101799.89,101759.086,101711.086,101652.29,101608.69,101558.29,101505.89,101435.484,101386.69,101320.29,101249.89,101189.086,101097.89,100994.29,100934.69,100915.086,100911.086,100937.086,100940.69,100921.89,101006.29,101035.484,101081.89,101081.484,101108.69,101123.086,101143.484,101179.086,101184.29
101647.484,101154.29,100824.29,100888.69,100951.086,100993.484,101114.29,101185.484,101237.484,101264.29,101386.29,101429.086,101469.89,101469.484,101518.29,101607.89,101671.086,101728.69,101780.29,101801.89,101816.29,101901.89,101871.086,101821.086,101802.29,101781.89,101762.69,101762.69,101747.086,101716.29,101666.29,101613.086,101551.89,101491.484,101432.29,101394.69,101347.484,101283.89,101200.69,101119.89,101062.29,100980.69,100902.69,100819.89,100752.69,100661.086,100635.89,100665.484,100693.484,100721.484,100746.29,100804.29,100860.69,100914.69,100949.086,100969.89,100999.086,101025.484
101033.484,100755.086,100695.086,100731.89,100832.29,100947.086,101057.89,101179.086,101236.29,101312.29,101408.69,101452.29,101497.89,101498.69,101551.89,101592.69,101656.69,101697.086,101748.69,101788.29,101814.29,101800.29,101804.69,101773.086,101719.89,101692.29,101653.484,101653.89,101632.29,101596.29,101526.29,101474.29,101417.484,101372.29,101334.69,101272.69,101209.086,101130.69,101071.484,100995.086,100926.69,100844.69,100764.29,100686.69,100600.69,100508.29,100414.29,100281.89,100361.086,100408.29,100497.89,100539.484,100618.69,100687.89,100750.29,100787.484,100792.29,100828.69
100709.086,100598.69,100630.69,100657.484,100754.29,100871.484,100967.89,101071.89,101205.89,101241.89,101274.29,101322.29,101360.69,101389.086,101447.89,101535.484,101603.89,101636.69,101665.086,101699.89,101713.89,101697.89,101689.086,101655.89,101609.484,101575.484,101561.484,101527.484,101484.29,101460.29,101399.89,101335.484,101293.086,101235.484,101166.69,101096.29,101034.29,100957.89,100887.086,100819.89,100753.484,100667.89,100609.086,100535.484,100444.69,100351.086,100241.086,100152.69,100042.29,100060.29,100107.086,100201.086,100305.484,100440.69,100501.086,100562.29,100602.29,100635.484
100537.484,100592.69,100567.484,100570.29,100614.69,100762.29,100773.484,100919.086,100946.69,100970.69,101114.29,101199.086,101253.484,101311.484,101320.29,101393.484,101493.484,101540.69,101589.89,101617.086,101613.086,101596.29,101568.29,101541.89,101499.086,101480.29,101468.29,101421.89,101397.484,101336.29,101263.484,101197.484,101131.484,101057.484,100975.89,100895.086,100839.484,100759.89,100691.484,100611.484,100531.89,100467.89,100390.69,100307.484,100227.086,100133.484,100033.89,99899.89,99786.69,99728.69,99744.69,99894.29,100027.89,100125.484,100241.086,100317.89,100378.69,100427.484
