demo/data/weather/current/current-relative_humidity-surface-level-gfs-1.0.json
{"header": {"discipline":0,"disciplineName":"Meteorological products","gribEdition":2,"gribLength":68913,"center":7,"centerName":"US National Weather Service - NCEP(WMC)","subcenter":0,"refTime":"2023-06-08T06:00:00.000Z","significanceOfRT":1,"significanceOfRTName":"Start of forecast","productStatus":0,"productStatusName":"Operational products","productType":1,"productTypeName":"Forecast products","productDefinitionTemplate":0,"productDefinitionTemplateName":"Analysis\/forecast at horizontal level\/layer at a point in time","parameterCategory":1,"parameterCategoryName":"Moisture","parameterNumber":1,"parameterNumberName":"Relative_humidity","parameterUnit":"percent","genProcessType":2,"genProcessTypeName":"Forecast","forecastTime":0,"surface1Type":100,"surface1TypeName":"Isobaric surface","surface1Value":100000,"surface2Type":255,"surface2TypeName":"Missing","surface2Value":0,"gridDefinitionTemplate":0,"gridDefinitionTemplateName":"Latitude_Longitude","numberPoints":65160,"shape":6,"shapeName":"Earth spherical with radius of 6,371,229.0 m","gridUnits":"degrees","resolution":48,"winds":"true","scanMode":0,"nx":360,"ny":181,"basicAngle":0,"lo1":0,"la1":90,"lo2":359,"la2":-90,"dx":1,"dy":1}, "data":
[rows 38 to 75 of 181, columns 172 to 257 of 360]
91.7,92.2,91.1,92.9,92.5,94.2,93.1,89.1,85.9,88.8,87.7,84.7,79.5,83.8,86.6,87.4,87,88.9,82.4,84.2,83.4,85.1,88.2,84.4,89,95.9,93.9,88.3,87.8,85.9,85.5,88,92.8,97.3,97.6,95.8,93.7,90.5,91.3,92.8,92.5,92.2,95.5,96.2,84.9,89.9,95.5,95,98.6,96.9,91.9,88.2,89.7,84.2,76,67.4,65.6,68.4,72.2,81.3,87.5,61.8,31.9,31.4,36.2,35.7,37.6,38.5,30,18.7,21.4,16.4,67.4,73.6,54.9,48.2,54.4,55.2,64.2,62,57.9,55.1,56,60.4,73.3,81.7
89.6,89.3,89.1,92.1,91.8,91.8,93.6,93,91.7,90.7,89.3,88.7,87.2,87.6,88,87.6,88.6,87.2,85.5,89.1,89,87.6,84.2,83.3,86.2,92.8,92.6,95.4,86.2,85.5,83.4,87.8,94.2,94.4,89.7,89.5,96.5,96.9,96.9,94.6,93.9,93.4,93.4,92.5,95.7,95.3,93.6,93.1,96.9,98.5,96.9,96.5,96.4,93.4,85.3,77,69.7,71,68.9,78.5,88.5,82.4,45,35.8,24.9,33.9,33,23.3,21.5,37.3,31.2,25.2,28,66.1,53.3,65.4,71.4,71.5,67.4,59.6,77.9,71.6,61.6,68.9,82,85.9
90.7,91.7,89.6,89.6,90,89.3,89.7,89.7,89.3,93.4,91.4,93.8,89.2,88,88.9,89.1,88.9,89,88.2,85.2,88.7,89.9,89.9,88.9,87.2,84.2,88.8,90.9,91.4,91.4,81.1,80.6,71.9,78.2,72,81.5,92.6,96.6,98.4,98,96.5,95.7,94.7,94.4,92.2,95.5,96.2,93.8,93.2,97.5,99,96.9,96,94,87.2,80.6,72.2,70.2,69.8,79.1,91,64.6,45.8,50.4,36.2,44.6,32.8,41.9,25.6,29.7,39.6,36.9,37.1,60.7,62.6,76.3,78,79.2,82,75,80.4,75.3,65.7,77.8,69.1,79.9
95.6,95.7,95.3,95.6,95.2,82.6,87.5,91.9,92.9,91.5,91.1,90.5,90.5,89.8,89.5,85.3,88.2,89,87.9,86.5,85.9,89.6,91.5,90.6,90,88.9,85.9,89.3,89.9,91.8,90,88.6,84,92.9,96,97.4,97.9,95.9,99.2,98.5,95.8,96,96.6,97.1,95.2,93.7,97.2,96.6,94.7,93.5,96.8,98.3,95.1,92.7,86.1,80.3,74.2,71.9,66.7,72.6,80.3,88.9,79.8,83.4,48.7,61.8,50,57.2,31.7,29.8,28.3,30.3,45.7,58.2,62.8,66.6,73.8,86.8,63.6,75.1,79,74.1,63.1,67.2,64.2,72.5
94.1,94.5,93.5,93.4,92.8,92.7,92.4,91.8,89.7,90.4,89.9,83.3,81.6,82,84.3,87.3,81.7,81.7,87.6,85.9,84.8,87.1,85.3,86.8,92.2,92.1,89.5,88.4,86.9,85,84.9,75.6,94.5,98.4,99.5,99.8,99.8,99.6,99,97.1,95.3,95.4,96,96.7,94.8,93.6,94,94.9,95,92.1,91,99,95.5,89.8,84,80.9,74,69.2,64.1,69.8,77,84.6,90.7,88.9,67.8,56.6,70.5,47.1,30.1,20.6,29.3,33.8,73,73,79.4,79,70,79.9,74.9,84.2,65.4,61.9,54.1,63.4,49.7,59
90.7,92.1,92.3,92.3,90.1,83.7,83.2,84.2,84,87.2,86.8,85,84,86.1,86.2,80.9,86.7,85.9,85.2,84,86,88.6,87.6,87.4,90,92.7,93.3,90.3,84.7,81.5,84,88.2,83.2,93.5,95.4,99,98.3,96.4,95.7,94.4,94,93.4,83.7,97.1,93.9,81.6,88.1,88.7,93,87.5,89.9,98.8,96.4,91.9,83.9,82.4,76.8,71.9,63.2,67.6,73.5,82.5,87.9,91,94.7,85.1,59.4,50,20.8,18.2,18.2,61.3,88.4,88.8,92.9,93.2,80.5,71.8,75.9,74.7,57,54.3,56.8,42.9,50.3,43.2
83.5,84.8,84.2,84.7,85.8,86.5,87,86.8,86.2,85.6,85.3,85.1,84.7,84.6,84.1,83.5,82.5,81.7,82.4,82.5,82.3,86,88.3,88.7,91.2,91.5,90.5,87.9,84.4,86.3,80.2,72.6,91.7,97.1,99.3,98.2,93.6,92.4,93,92.3,93.1,78,80.6,87.8,92.9,81.4,82.2,94.5,91.3,87,88.9,95.2,97.4,95.3,85.6,84.5,77.7,74,67.6,66.5,70.5,80.8,86.7,88,96.1,90.6,82.1,48.1,14.8,28.4,58.4,75.5,76.2,97,89.4,77.6,81.9,77,59.9,77.1,64.8,66.1,64.1,49.9,42.8,46.7
83.6,86.5,82.8,80,78.1,76.1,78.4,82.1,80.1,80.6,80.7,80.5,80,80.4,81.2,78.8,81.9,80.1,77.8,79.9,86.3,85.6,85.6,89.9,91.8,89,86.4,86.8,87.8,85,80.7,77,98.7,95.9,92.3,92.3,92.4,89.6,90.4,90.9,91.8,79.5,80.2,81.7,81.7,81.6,83.4,93.2,86,80.3,87.6,94.7,94.4,95.4,94.8,88.8,77.8,72.7,72.9,71.1,74.7,81.9,85.6,87.5,95.7,77.7,86.1,25,20.9,60.1,62.3,69.1,83.2,88.3,84.2,76.7,74.9,93.8,90,74.7,72.1,66.4,59.7,57.4,52.4,40.5
84.1,86.5,87.9,85.8,84.6,82,79.8,78.4,78.1,79,79.2,78.2,73.9,75.6,79.3,81.5,81.4,82.4,82,84.1,89.6,91.7,91.4,91.1,90.1,90.6,90.1,90.6,83.8,87.4,85.4,83.6,99.3,92.6,91.1,90.3,89.3,88.5,88.6,88.4,85.5,84.5,80.8,78.2,80.2,84.3,87.1,90.6,83.3,84.5,88.5,92.7,99.5,96.1,91.9,85.9,80.4,72.3,77.2,75.7,79.6,85.3,85.2,90.9,94.8,88.4,88.6,49.8,55.7,57.6,61.5,64.4,81.7,78,69.7,81.3,73.9,86.6,83.5,66.2,58.5,77.9,73.4,57.2,56.7,43
83.4,84.6,83.9,82.5,84.3,83.6,77.5,75.7,80.4,84.1,85.5,85.1,84.9,84.9,83.6,85.4,87.9,88.6,88.7,88.9,89.7,89.5,87.2,88.3,90.3,88.6,87.5,88.7,89.6,92.6,98.1,97.1,93,89.9,88.2,88.4,86.8,86.1,88.6,81.1,80.7,77.7,77.9,76.4,81.9,86,87.6,86,82.4,85,90.6,94.1,98.5,93.2,85.8,87.7,82.2,69.9,77.8,79.8,85.9,88.5,91.2,96.8,95.3,89.4,73.1,78.2,51.5,67.1,54.2,56.6,44.6,56.4,76.6,80.7,75.2,85.8,68.2,70.5,70.3,65.5,72,56.7,52,50.9
81.5,81.4,74.7,76,78.3,81.3,80.6,82.8,85.6,89.8,90.7,90.2,89.5,89.3,88,87.7,87.9,87.6,86.1,85.6,88,87.2,88.6,90.7,92,93.3,91,92.8,92.1,94,95.3,90.9,92.4,88.5,86.8,84,81.9,80.7,78.4,75.7,76.2,77.8,78.4,79.8,78.7,83.7,83.3,81.9,78.1,83.7,89,94.8,98.4,95.1,89.4,85,81,67.4,78.8,85.3,91.9,93.1,89.3,97.5,98.8,90.4,95.7,61.3,59.6,54.4,52.1,56.4,70.8,61,48.1,62.4,73.5,72.1,61.8,67.8,54.8,60.1,64.3,57.8,50.4,55.8
74,77.1,80.3,83,87.8,89.7,88,84.6,84.6,87.4,88.9,88.4,88.5,86.3,81.2,80.7,81.4,83.1,84.5,84.8,85.3,85.7,88.5,93.3,94.7,95.2,96.9,93.2,92.6,93.6,90.8,93.9,92.3,88.6,83.9,80.2,76.1,75.7,70.4,72.4,72.3,75.7,78.7,77.7,78.8,78.6,76.3,76.3,80.1,84,84.6,99.1,97.8,89.5,84.2,83.5,77.9,69.2,74,87.8,92.9,87.2,87.9,99.7,98.3,89,88.4,76.9,61.6,49.6,31.9,41.1,54.7,57.6,46.6,35,47.4,56.6,45.7,49.6,57.9,89.8,88.8,56.6,56.9,55.6
92.5,91.4,90.7,92.6,93.5,93,92.4,90.8,90.4,88.4,85.9,84.4,89.3,88,83.5,80.9,78.3,78.4,80.7,81.1,81.9,85.1,89,92.5,92.5,91.9,93.4,92.7,92.1,91.1,94,95.5,92.3,88.5,81.5,79.9,75.8,76.8,75.9,72.6,70.8,72.3,73.1,81.1,77.2,76.1,75.6,79.9,77.6,80.2,91.5,98.3,94.2,83.1,82.1,80.5,76.4,68.6,71.9,88.4,92.7,81.9,78.5,98.4,93.7,93.3,65.8,92.5,53.9,33.3,33,36.5,50.9,39.3,38.5,26.3,34.1,52.4,28.1,40.4,68.9,99,88.9,53.5,56.6,60.3
95.2,95.6,95.1,96,96.3,96.8,97.6,98,97.7,96.3,95.2,93.9,93.8,92.8,89.6,90.2,91.1,85.4,79.1,73.9,74.5,84.6,90.1,88.4,86.5,87,87.1,87,88.9,90.8,96.6,96.4,89.4,86.4,81.2,80.1,78.6,79.8,77.1,79.4,75.1,72.4,74.4,74.2,75.7,78.2,74.6,72.9,80.2,88.4,99.4,96.8,88.1,79.4,80.8,77.2,76.6,69.7,71.6,87.6,89.5,80.7,82.4,97.8,94.6,87.1,69.5,81.7,91.2,25.1,34.7,39.3,38.5,28.9,21.4,17.9,37.9,36.6,32.7,50.3,68.6,88.2,84.9,85.5,60.6,59.3
98.7,94.8,93.3,93.8,96.1,97.2,98.2,98.2,98.1,98.1,98.4,97.8,97.7,97.3,96.7,95.6,93.6,91.1,82.8,74.3,75.6,82.6,85.1,80.9,76.2,77,83.4,85.2,91.9,93.9,91.3,94.5,85.9,82.5,82.7,79.6,79.6,75.2,78.6,79.6,77.1,73.7,74.4,72.2,71.2,73.2,71.8,81.7,87.2,94.5,97.9,94.8,83.7,75,76.9,75.3,77.1,73.9,74.9,87.5,86.4,80.8,86.3,94.5,91.9,90.9,79.4,75.9,94,42.4,39.7,48.6,44.4,32.2,34.7,25,28.5,21.3,39.8,63.7,73.1,85.2,66.5,63.4,64.2,62
100,99.8,99.8,98.3,96.2,98.8,98.7,99.4,97.4,96.6,95.8,93.4,90.6,90.2,87.8,87.3,86.8,87.2,86.2,83,82.7,82.3,79.5,81,79.5,78.5,83.5,85.5,87.5,91.4,90.5,93.5,87.7,83.2,82.5,80.5,80.8,78.8,77.9,77.1,74.5,73.8,74.6,74,74.4,79.4,88.3,93.8,94.1,97.6,92.2,89.2,79.1,73.7,74.2,75.1,75.7,74,82.1,88.2,85.9,81.5,93.8,91.5,87.1,86.7,83.1,74,63,88.4,54.3,49.5,50.6,33.3,20.3,26.6,23.1,12.6,25.9,24.4,56.6,69.9,64.3,68.5,60.8,71.8
99.7,96.5,93.8,95.2,94.2,91.9,92,93.1,92.9,91.6,92.1,94.6,97.2,96.2,95.2,93.3,93.4,89.7,92.4,93,96.2,96.9,94.1,93.8,93.8,83.6,84.8,86.1,87.6,88.7,93.3,85.9,82.5,80.3,81.5,78.3,78.8,77.2,76.1,76.1,76.1,75.6,77.3,77.7,81.3,85.4,90.1,98.6,96.2,92.1,86,85.6,72,73.7,74.7,76.3,76.5,78,88.2,88.1,83.2,90.8,93.8,74.9,87.5,87.1,90.5,81,63.3,74.9,54.7,40.2,45.6,32.4,20.1,22.8,20.3,14.4,12.1,19.1,37.4,43.8,41.2,62.4,60.7,73.5
90.6,94.1,95.6,90.6,85.8,93.8,95.2,95.3,95.5,93.5,93.2,92.3,91.3,92.1,91.6,91,90.3,91.4,93.4,92.5,91.8,92.5,95.1,89.4,91.5,96.9,91.7,96.1,94.2,90.5,86,81.7,79.1,77.3,79.3,78.9,79.6,77.6,77.9,77.6,77.7,80.9,88.1,90.4,91.3,96.9,97.9,95.8,93,89.3,82,79.2,68.5,73.7,75.6,77.3,80.6,82.7,87.3,80.9,81.1,96.5,83.4,84.5,88.6,89.2,85.7,87.5,93.3,79.2,64.6,50.9,36.2,28.6,28.8,24.6,24.6,20.3,15.7,14.9,20.7,20.2,30,45.5,47.3,59.3
93.2,92.3,87,88.8,91.4,91,88.6,92.1,93.6,90.5,93.1,90.5,90.6,90.1,88.7,88.2,88,84,88.1,92.3,93.3,95.7,94.4,92,94.7,90.3,95.3,91.7,87.9,85.4,81.6,78.3,78.4,77.3,77.1,77.8,79.3,77.9,77.7,78.2,88.5,91.2,94.4,95.2,98.2,94.3,95.1,89.7,86.9,84.1,79.8,74,67.4,73.4,76,78.2,83.8,84.5,83.2,81.8,82,93.4,89,92.6,92.1,90.8,90.3,86.5,85.5,84.9,68.3,77.7,33.7,27.9,25.6,16.3,15.3,16.5,20.7,21.1,19.6,13.7,22.8,64.8,56.5,65.5
88.5,86.7,87.3,91.7,89.7,89.1,87.9,87,82.9,84.9,83.9,85.7,87.1,85.7,87.7,87.3,89.8,86.8,83.6,85.2,85.1,86,92.3,91.2,89.5,88.8,87.6,85.6,82.3,79.2,79,79.5,77.5,78.2,78.9,79.2,77.4,82.8,82.4,89.2,92.6,96.3,91.5,89.1,89.7,92.2,88,83.6,81.4,76.2,75,68.1,67.6,71.2,74.1,76.1,79.7,82.4,82.1,79.2,77.7,88.9,95,92.2,86.3,87.5,87.2,87.1,86.6,85,83.1,76.1,39.3,33.6,28.1,21.4,16.1,15.8,11,13.2,17.1,12.4,16.1,51.3,63.5,76.7
82.9,86.4,85.7,87.8,89.3,87,82.4,82.9,83.2,82.6,82.8,83.9,84.8,82.9,79.4,84,86.2,83.8,84.2,85.2,86,82.8,81.9,81.1,80.3,78.9,78.7,78.5,78.8,79,78.3,79,79.1,79.9,82.5,83.3,90.6,90.1,91.8,93.1,91.5,90.4,91.4,88.6,89.8,83.4,81.1,76.5,75.4,73.2,74.3,66.1,67,70.1,71.6,73.3,76.4,78.2,79.9,75.8,73.3,75.5,80.8,78.7,81.9,85.4,83.4,85.2,83.6,88.2,83.8,77.7,66.2,42.4,47.6,23,23.6,23.2,14.6,14.3,12.2,12.5,16.1,37,53.3,57.1
82.5,79.4,81.1,78.2,79.9,79.9,77.6,74.4,78.7,82.2,82.6,83.8,81.3,81.3,78.8,79.3,83.4,81.2,83.1,80.5,77.1,76.5,74.7,77,77.6,76.9,78.3,78.3,78.2,79.1,78.8,81,86.6,87.4,88.1,90.4,90.4,89.3,89,87.7,86.8,87.4,89.3,87.6,78.4,76.5,74.1,71.4,75.3,70.4,69,65.8,66.6,67.8,65.3,73.8,75.5,76.6,74.9,74,74,71,77.6,84.5,85.5,79.4,73.8,68,80,82.6,87.6,83.3,85.1,28.4,57.1,32.3,20.7,32.3,28.1,26,20.9,19.6,17.9,38,55.2,55.2
79.1,77.3,72.8,73,75,74.1,73.6,74.1,75.5,78.5,79.9,76.2,78.3,77.8,79.5,77.8,79.9,78.6,76.7,77.9,75.3,75.3,76.3,75.3,78.3,78.5,77.5,77.8,77.3,79.7,85.4,89,86.6,85.9,81.7,82,84.5,89.8,84.9,80.6,85.4,88.8,84.9,76.5,71.6,72.8,70.7,74.5,69.4,71.5,65.5,66.7,65,62.7,63.8,69.6,73.1,70.1,71.7,69.3,66.1,69.9,79,79.8,70,69.9,69.6,65.6,77.3,79.3,82.3,82.2,84.8,93,46.5,44,18.5,15.7,27,46.7,48.1,27.1,21.8,32,54.6,62.1
78.5,76.3,75.6,72.5,73.8,72.7,70.6,69.4,70,79.5,78.9,79.6,73.6,76.5,76.2,76.7,76.8,76.5,76.1,74.3,74.2,72.5,72.2,72.7,75.8,81.9,77.9,79.9,79,80.6,83.8,85.3,82,84.2,83.2,85.7,83.8,82.3,74.3,81.1,86.8,82.7,75.6,67.4,72.8,69.7,70.2,69.7,71.5,64.8,69.3,65.5,62.1,65.7,64.1,67.6,68.5,69.1,70.5,67.1,70.2,65.7,67.6,69.5,68.9,68.7,61.1,61.3,75.7,75.3,74.5,77.7,81.4,85,85.9,45.4,37.9,30.1,46.7,44.2,45.7,41.1,25.9,27.2,56.5,53.8
74.7,74.9,74.6,71.6,74.3,74.3,73,72.1,69.6,82,74.9,74.2,73.4,72.6,71.8,73,76.1,77.8,77.2,79.2,77.1,78.1,79,78.7,75,80,81,80.9,81.4,81.4,78.6,77.2,74.2,79.5,84.8,75.5,73.1,71.6,75.5,80.5,84.4,72.6,66.7,71.6,65.7,67.9,66.8,67.8,68.2,64.9,62.1,61.1,61.6,63,61.8,64.7,67.4,67.3,65.8,70.7,67.7,66.3,69.9,74.8,64.9,61.2,62.1,71.3,73,73.7,73.6,77.9,79.8,75.2,82.1,77.3,44.6,61.8,42.4,68.1,70.7,51.8,25.2,21,40.5,60.5
75.5,73.6,72.5,70.7,71,73.9,73.6,75.8,74.8,70.6,69.9,69.2,70.6,70.5,74.1,78.7,80.8,81.1,82.4,81.5,79.5,77.9,81.7,79.6,77.7,73.2,76.4,77.7,76.7,76.8,74.3,74.5,82.5,81.6,68.7,75.4,73.6,72.9,74.3,81,77,67.8,70.2,64.7,65.2,70.4,67.9,64.9,65.2,64.4,65.3,67.8,65.6,63.7,63.6,58.7,64.3,65.4,64.9,67.3,64.3,68,71.6,65.6,64.3,69.7,67.9,69.4,69.8,72.8,75,73.6,77.5,81.4,72.8,64.7,56.3,56.1,58.9,72.1,75.4,83.3,42.7,25.8,36.5,42.9
74.6,75.4,73.4,72.5,70.5,76.4,78,81.9,77.8,74.9,74.9,76.2,76.3,78.2,78.4,83.2,85.7,85.7,82,75.9,75.3,74,76.2,76.6,76.4,76.7,78.2,74.5,74.2,74.9,77.7,79,70,67.8,68.9,73.4,74.4,72,73.6,85.9,70.1,66.8,66.8,67.4,67.5,69.1,71.9,69,67.1,67.8,72.4,60.1,70.6,62.9,63.3,60,66.1,67.5,66.9,64.3,65.6,67.5,62.7,64.2,64.4,70.5,71.4,70.9,72.8,70.5,72.5,74.4,75.2,78.1,76.2,82.3,83.7,45,63.8,76.7,77.8,83.4,58.3,31.4,40.2,39
76.7,74,70,72,75.7,77.3,80.1,80.2,79,81.6,80.3,77.8,77.8,77.8,79,79.9,79.6,81.7,80.5,80,80.1,81.7,81.1,82.3,74.3,83.1,80.5,84.3,75.2,70.4,74.5,68.7,69.8,73.4,71.9,75.5,69,70.8,80.2,79.7,64.6,68.5,65.3,69.6,71.7,74.6,73.8,70.1,68.2,66.3,67.1,64.7,69.9,63.1,59.1,61.7,63.4,61.3,65.2,59.8,62.5,62.6,61.7,65.4,65.5,64,66.2,66,67.3,73.8,71.6,74,76.2,79.3,77.5,80.8,85.6,69.8,57.4,69.1,76,74,83.2,36.3,18.7,31.4
73.3,70.6,74.6,78.3,77.9,76.5,78.2,80.6,78.1,75.5,74.9,78.1,77.4,80.1,81.6,80.4,79.5,77.1,77.6,75.2,70.4,71,74.4,72.9,73.4,72.8,75.9,69.9,70.6,72.6,76.4,73.8,71.6,69.5,75.5,69.9,76.2,74.3,77.7,71.4,66.2,69.5,65.2,76.4,76.5,73.1,71.2,69,74.2,66,65.3,70.8,69.8,64.4,62.1,63.1,63.2,63.6,60,58.2,58.9,65.4,64.4,59.6,63.7,62.7,66.2,69.4,67.7,71.3,73.7,72.6,74.8,78.1,78.4,79.7,81.1,70.6,58.9,68.6,72.3,76.4,75.1,67.7,36.4,23.4
75.3,74.5,71,74.7,77.4,75,77.5,76.8,76.2,78.2,79.1,80,79.4,76.6,72,69.6,66.2,66.4,65.6,67.8,76.4,68.9,71.1,74.5,76,71.4,68.3,73.9,79.5,77.6,77.2,76.8,70.3,72.7,74,73.9,72.6,73.9,74.4,65.7,67.5,68.8,65.8,75.9,78.3,69.8,67.7,66.6,65,69.1,69.9,66.2,66.5,73.3,73.5,71.2,69.6,71.7,59.7,62.1,60.9,60.6,61.5,63.1,62.6,63.8,63.8,67.4,68.6,69.5,78.7,77.5,77.6,79.1,79.4,80.4,81.7,81.8,81.5,66.4,77.5,73.4,80,89.4,40.6,37.9
79,77.7,73.8,77.2,80,75.7,76.3,77.4,77.1,79.3,75.7,71.8,72.7,69.2,73.5,77.1,75.9,71.4,72.9,75.1,75.2,69.5,75.3,79.6,74.8,71.3,77.8,77.8,77.6,78.1,71.6,69.4,69.3,70.2,70.8,72.8,73.3,74.8,69.1,65,70,69.8,67.2,74,74,70.5,67,66.5,65.8,65.8,62.3,67,68.9,71,68.9,64.7,61,65.2,65.7,58.6,66.5,62.8,67,67.4,68.7,70.7,68,71.8,71.4,74,75.7,76.5,79.7,76.8,76.9,78.4,80.4,81.7,80.8,82.8,71.6,76.1,74.2,86.1,76.7,21.6
76.8,77,78.8,80.9,81,78.4,78.9,79.8,75.4,73.6,76.4,78,74.9,71.3,74.1,74.7,73.2,70.5,76.2,68.7,70.4,78,76.9,69.9,75.3,77.7,76.8,76.4,76.6,68.6,69.9,70.7,72,70.3,71.1,72.6,72.7,69.9,67.8,67,67.5,67.5,74.4,70.9,71.1,69.5,69.3,69.2,67.8,63.5,62.3,71.4,67.5,70.5,62.7,65.8,69.6,61.8,67.8,67.7,63.9,68.2,69.8,73.9,68.1,70,69.4,74,72.9,72.3,73.2,73,75.5,76.6,78.5,79.3,80.3,81.3,80.2,77.2,74.9,73.5,77.8,91.6,82.6,30
79.9,77.8,80.7,79.9,77.9,76.3,76.3,76.1,76.5,75.2,75.3,75.2,77.7,75.3,74.6,71.4,74.4,73.3,70.9,73.6,76.2,72.5,75.8,73.4,76,78.6,76.7,73.4,71.8,76.9,69,76,73.7,72.5,70.1,69.4,68.8,67.5,67.3,66.1,65.6,71.4,70.9,73.5,72.6,73.3,71.6,71.4,71,69,69.8,69.5,69.5,66.1,66.7,63.9,67.8,68.7,66.5,67.3,72.8,78.6,73.4,69.7,70.8,72.4,75.2,75,75.3,73.3,71.3,73.1,74.8,75.7,77.2,79.5,80.6,80.6,78.8,78.8,76.3,74.4,76.7,94,79.9,80.6
80.1,78.2,78.7,78,77.8,78.6,78.6,77.9,75.9,72.1,72.3,75.7,69.6,71.8,70.4,70.6,77.2,76.3,77.4,76.6,77.5,73.7,73.8,76.4,81.5,82.9,76.3,75.3,76.5,72.4,72.4,67.6,73.1,70.7,69.1,67.9,68.8,66.5,66.1,66.2,65.9,69.9,71.1,72.3,72.7,69,69.4,68.3,69.1,67.1,66.9,66.8,67.7,68.2,65,66.9,71.3,68,74.9,73,82,72.9,71.4,73.7,71.8,74,77.3,74.9,75.2,74.1,73.2,72.2,72.6,76.2,77.1,78,78.6,78.7,77.7,77.5,78.3,76.6,78.3,79.2,88.4,83.4
79.2,77.3,77.4,76.6,78.3,78.1,74.1,74.1,77,75.8,75.8,74,76.3,75.8,76.1,70,74.3,74,76.3,74.3,74.2,76.3,80,85,83.9,80.2,75.9,75.5,73.8,68.2,70,68.3,71.3,68.3,66.8,66.8,67.3,67.5,63.7,66,67.2,65.5,69.6,71,68.1,67.5,68.4,65.2,69,69.3,67.1,67.9,67.6,63.8,67.4,70,68.8,77.1,76.6,70.9,75.2,75.1,74.9,73.6,75.3,72.2,74,74.9,74.2,73.9,71.4,73.2,73.5,75.9,76.5,76.7,77,78,77.9,76.6,75.6,72.9,74.4,77.7,77.2,76.6
77.8,77.2,78.8,78.4,78.3,78.1,77.3,73.6,71.4,72.9,77.8,79.1,74.6,76.6,75.5,71.7,68.8,77.1,73.3,72.9,72.3,79,83.2,80.7,83.6,78.2,77.4,72.9,75.8,73.5,73.5,74.4,73.4,70.6,68.3,68.1,68.9,65.9,66,65.5,65.8,67.7,68.1,67.3,73.2,72,68.3,67.9,68.3,74.8,72.6,68.4,64.2,73.2,70.4,72.4,74.3,73.9,74.1,78,78.3,79.2,77,77.1,74.4,73.7,73.3,73.7,74.3,73.7,70.4,72.8,74.2,74.8,75.3,75.5,75.3,76.5,76.2,75,73.8,72.3,72,73.3,77.3,75.2
72.3,76.7,79.8,80.6,80.3,78.5,74.8,69.8,71.5,72.1,72.9,77.6,74.3,74.8,74.4,71.3,71.5,72.4,73.7,74.2,70.6,77,80.2,78.4,82.9,81,76.8,78.9,78.7,77.7,76.8,75.9,75.7,78.6,71.9,66.7,64.5,65,61.9,66.1,69.2,64,73.3,73,66.5,68.9,65.4,67.5,70.7,70.4,71.2,73.8,73.9,74.2,75.3,75.4,76.4,77.7,78.8,75.7,72.6,78.8,75.8,79.6,74.9,75,74.2,75.5,74.4,73.6,74.5,71.4,74.3,73.4,74.1,74,73.7,73.3,74.2,72.5,72.4,71.9,70.5,68.3,72.4,74
76.2,79.5,80.2,81.2,79.9,80.5,77.9,69.6,69.1,68.8,70.9,72.1,71.9,71.8,70.5,70.4,72.4,76.4,74.5,69.3,74.1,75.4,73.4,76.3,84.4,83.4,80.5,79.4,81.3,79.6,80.4,74.4,76.4,78.1,77.6,68.4,65.2,64.8,62.1,66.8,69.5,74.8,69.9,66.4,62,64.2,63.8,69,69.1,71.2,70.2,77.8,80.3,74.3,76.2,75.7,78.4,79.9,76.6,77.8,78.2,79.8,77.8,76.7,75.7,75.4,76.8,75.4,75.6,72.6,74,72.5,73.6,69.9,68.4,69.7,68.3,70.4,71.6,70.1,70.5,69.4,67.2,68,68,64.1
