demo/data/weather/current/current-mean_sea_level_pressure-surface-level-gfs-1.0.json
{"header": {"discipline":0,"disciplineName":"Meteorological products","gribEdition":2,"gribLength":74631,"center":7,"centerName":"US National Weather Service - NCEP(WMC)","subcenter":0,"refTime":"2023-06-08T06:00:00.000Z","significanceOfRT":1,"significanceOfRTName":"Start of forecast","productStatus":0,"productStatusName":"Operational products","productType":1,"productTypeName":"Forecast products","productDefinitionTemplate":0,"productDefinitionTemplateName":"Analysis\/forecast at horizontal level\/layer at a point in time","parameterCategory":3,"parameterCategoryName":"Mass","parameterNumber":1,"parameterNumberName":"Pressure_reduced_to_MSL","parameterUnit":"Pa","genProcessType":2,"genProcessTypeName":"Forecast","forecastTime":0,"surface1Type":101,"surface1TypeName":"Mean sea level","surface1Value":0,"surface2Type":255,"surface2TypeName":"Missing","surface2Value":0,"gridDefinitionTemplate":0,"gridDefinitionTemplateName":"Latitude_Longitude","numberPoints":65160,"shape":6,"shapeName":"Earth spherical with radius of 6,371,229.0 m","gridUnits":"degrees","resolution":48,"winds":"true","scanMode":0,"nx":360,"ny":181,"basicAngle":0,"lo1":0,"la1":90,"lo2":359,"la2":-90,"dx":1,"dy":1}, "data":
[rows 26 to 51 of 181, columns 290 to 347 of 360]
101998.69,101993.484,102064.29,102151.086,102110.69,101953.086,101969.89,101944.29,101959.484,101936.29,101896.29,101881.89,101889.484,101905.484,101933.484,101982.69,102058.29,102111.086,102111.484,102142.29,102127.484,102303.89,102394.29,102508.29,102615.484,102640.69,102685.086,102284.29,101356.29,101384.69,100965.484,100938.69,100851.484,100747.484,100735.086,100733.086,100763.484,100817.484,100888.69,100946.69,100980.29,101001.484,101064.29,101123.484,101183.89,101274.69,101397.89,101531.484,101667.086,101744.29,101839.484,101959.484,102095.086,102156.29,102027.484,102071.086,102129.89,102175.484
102061.484,102073.89,102091.086,102067.484,102012.29,101975.89,101985.086,101998.69,102008.69,102009.086,102017.086,102021.086,102011.484,102025.89,102047.484,102074.29,102109.086,102142.29,102136.69,102071.086,102162.69,102546.69,102516.29,102543.484,102497.484,102498.69,101711.086,101581.89,101262.29,101209.484,101189.484,101178.69,101167.484,101141.484,101113.484,101094.29,101108.69,101121.89,101131.89,101138.69,101151.89,101199.086,101247.086,101299.89,101405.89,101536.69,101653.89,101759.89,101841.484,101912.69,101976.69,102043.484,102117.89,102175.484,102219.484,102265.086,102290.69,102318.69
101998.69,102077.086,102155.89,102199.484,102098.29,102089.89,102104.29,102111.086,102108.69,102107.086,102127.086,102124.29,102134.69,102163.89,102182.69,102193.484,102193.484,102200.69,102185.086,102111.484,102015.086,101983.89,102299.89,102532.69,102277.086,102197.086,101524.29,101366.29,101257.086,101259.484,101238.29,101245.89,101237.484,101244.69,101259.484,101261.484,101263.484,101258.69,101274.69,101306.69,101340.29,101375.89,101450.69,101567.89,101676.29,101779.086,101866.29,101937.484,102000.69,102051.484,102101.89,102177.086,102237.484,102268.69,102306.69,102339.484,102366.29,102397.086
102033.086,102130.29,102174.29,102220.29,102245.484,102254.69,102250.69,102250.29,102247.89,102263.086,102267.89,102278.69,102302.69,102311.89,102329.086,102315.484,102301.086,102276.29,102249.086,102167.086,102071.086,101881.484,101638.29,101501.086,101466.29,101510.29,101497.89,101347.89,101285.89,101238.29,101217.89,101203.086,101211.89,101238.69,101277.89,101314.29,101344.69,101371.89,101412.69,101433.086,101498.69,101603.89,101704.69,101793.484,101878.69,101956.29,102021.89,102072.29,102124.69,102160.69,102208.69,102257.484,102299.484,102333.89,102355.484,102381.484,102405.89,102419.484
102200.69,102258.69,102304.69,102309.086,102314.29,102326.69,102297.89,102310.29,102349.086,102376.29,102397.086,102406.69,102424.69,102427.086,102433.086,102422.29,102403.89,102377.89,102312.29,102244.69,102132.29,101989.484,101815.89,101639.484,101505.89,101385.484,101316.69,101375.89,101352.69,101273.086,101218.69,101236.29,101291.89,101343.89,101387.484,101430.29,101471.89,101493.086,101560.69,101633.484,101715.89,101791.086,101866.29,101949.89,102029.89,102093.086,102138.29,102184.69,102220.69,102256.29,102296.69,102327.086,102352.29,102371.086,102385.484,102405.484,102427.086,102433.484
102304.69,102331.086,102361.89,102355.484,102344.69,102378.29,102327.89,102296.69,102361.086,102426.29,102490.69,102522.69,102544.69,102540.69,102527.086,102500.29,102476.69,102445.484,102394.69,102308.69,102224.69,102118.29,101989.484,101869.484,101763.89,101646.29,101563.484,101511.484,101487.086,101476.69,101465.89,101469.484,101491.086,101517.086,101538.69,101568.69,101621.484,101681.89,101742.29,101803.484,101858.29,101916.69,101979.484,102045.086,102105.484,102146.69,102190.29,102229.086,102256.29,102290.29,102314.69,102337.484,102357.086,102364.29,102375.89,102397.484,102400.69,102391.484
102282.69,102324.29,102327.89,102346.69,102404.69,102430.29,102434.69,102414.29,102412.69,102528.69,102585.484,102611.086,102622.69,102616.29,102597.484,102563.484,102527.89,102483.89,102435.89,102375.086,102309.484,102233.89,102150.69,102066.69,101979.89,101903.89,101831.89,101781.484,101744.69,101718.29,101699.89,101681.89,101676.69,101672.69,101695.484,101737.89,101787.484,101845.484,101889.086,101928.69,101967.484,102005.484,102061.086,102107.086,102143.086,102163.89,102190.29,102207.086,102229.484,102254.29,102276.29,102303.484,102319.89,102342.69,102351.086,102361.086,102369.484,102357.89
102265.484,102311.484,102383.484,102445.484,102510.69,102535.484,102568.69,102596.69,102621.484,102647.89,102659.89,102653.89,102644.29,102618.29,102575.89,102550.29,102510.69,102457.484,102415.484,102374.69,102328.69,102274.29,102215.484,102153.086,102088.29,102027.484,101972.29,101921.89,101871.89,101839.086,101821.086,101800.29,101796.29,101812.29,101833.89,101875.086,101909.89,101952.29,101984.69,102011.89,102039.89,102071.086,102107.484,102131.89,102142.29,102141.086,102133.086,102140.29,102176.29,102210.29,102241.086,102255.89,102265.89,102273.086,102275.484,102276.69,102274.69,102271.89
102238.69,102265.484,102339.484,102425.484,102483.086,102553.484,102597.086,102670.69,102673.484,102660.29,102635.086,102596.69,102572.29,102547.086,102520.29,102484.29,102441.086,102401.086,102361.89,102318.29,102275.89,102234.69,102188.29,102139.086,102083.89,102029.89,101973.89,101932.69,101891.89,101859.89,101859.484,101873.89,101884.29,101905.484,101937.484,101965.484,101985.086,102007.89,102018.29,102027.086,102052.29,102075.086,102093.086,102082.69,102075.484,102056.69,102074.69,102095.086,102120.69,102133.484,102150.69,102154.69,102161.89,102153.086,102165.89,102152.69,102142.69,102136.69
102077.89,102106.69,102173.484,102269.086,102306.29,102355.89,102407.086,102444.29,102541.086,102568.69,102531.484,102521.89,102472.69,102412.69,102365.484,102327.89,102294.69,102261.89,102232.29,102197.086,102159.086,102127.89,102091.89,102053.89,102012.69,101963.89,101916.29,101874.29,101863.086,101866.69,101889.086,101917.086,101936.29,101963.086,101987.484,102003.89,102021.484,102032.69,102043.484,102053.086,102065.086,102059.484,102040.69,102012.29,102005.89,101997.086,101997.89,102007.89,102019.484,102025.086,102022.29,102024.29,102033.484,102026.29,102005.086,101982.29,101966.29,101959.484
102009.484,102032.69,102097.89,102165.89,102213.484,102233.484,102244.69,102217.484,102277.484,102304.69,102255.086,102276.29,102328.69,102265.484,102169.89,102120.29,102082.69,102056.69,102043.89,102027.89,102005.086,101982.29,101956.29,101929.086,101903.89,101883.484,101865.086,101863.89,101866.29,101884.29,101907.89,101939.086,101966.69,101988.29,101993.484,102003.484,102027.89,102042.69,102047.484,102035.086,102025.89,101993.484,101963.086,101931.086,101911.484,101893.89,101892.29,101891.086,101886.69,101876.69,101867.484,101868.69,101853.484,101830.69,101815.086,101798.69,101773.89,101771.89
101756.29,101811.89,101853.484,101887.484,101832.29,101861.086,101894.69,101927.086,101919.086,101973.086,101912.29,101927.086,101998.29,101961.086,101938.69,101860.29,101847.086,101843.086,101845.086,101845.086,101834.29,101838.69,101827.89,101818.29,101809.89,101814.29,101808.69,101813.89,101836.69,101875.086,101907.89,101933.89,101959.086,101983.89,101992.29,101991.89,102014.29,102029.086,102009.89,101975.484,101944.69,101918.29,101881.086,101842.69,101810.29,101785.086,101767.89,101746.69,101735.484,101712.69,101697.89,101689.484,101666.29,101635.086,101614.69,101601.484,101595.086,101601.484
101541.484,101511.89,101527.484,101529.89,101483.89,101510.29,101512.69,101511.89,101493.89,101499.086,101453.89,101471.086,101517.484,101568.29,101586.29,101495.086,101524.69,101565.086,101586.29,101616.29,101645.484,101669.484,101695.484,101712.69,101714.69,101715.086,101710.29,101736.29,101777.484,101817.086,101862.29,101917.086,101947.086,101955.086,101960.69,101972.69,101991.086,101982.29,101948.29,101906.29,101872.29,101826.69,101786.69,101749.086,101696.29,101657.086,101633.89,101601.086,101569.89,101545.086,101525.89,101510.69,101493.484,101466.29,101425.89,101383.086,101393.89,101411.086
101337.484,101320.29,101293.484,101251.086,101207.484,101188.29,101109.086,101086.29,101061.484,101031.086,101050.69,101083.086,101089.484,101073.484,101203.89,101156.29,101200.69,101269.086,101335.89,101403.89,101459.484,101499.484,101541.484,101578.29,101597.086,101622.29,101627.89,101641.484,101671.086,101742.69,101823.484,101875.484,101905.89,101913.484,101904.69,101919.086,101920.29,101890.29,101843.086,101818.29,101777.89,101725.89,101678.29,101637.89,101587.086,101534.29,101494.69,101445.484,101419.89,101392.29,101366.69,101347.89,101322.69,101280.69,101248.29,101233.89,101225.89,101231.484
101078.29,101058.29,101016.29,101014.29,100940.29,100915.086,100916.29,100919.484,100879.086,100891.086,100881.89,100843.086,100848.29,101008.29,101021.484,100971.484,100973.89,101036.29,101079.086,101183.484,101252.29,101327.086,101385.89,101447.89,101503.89,101545.086,101577.484,101608.69,101641.086,101685.484,101771.89,101825.086,101853.89,101855.086,101843.484,101842.29,101813.89,101768.69,101731.484,101692.29,101645.086,101623.086,101575.89,101531.484,101483.086,101418.69,101357.89,101301.086,101242.29,101217.484,101194.29,101163.484,101138.69,101085.086,101047.89,101010.29,100991.086,100940.29
100825.484,100825.89,100800.29,100768.29,100783.086,100808.29,100791.086,100774.29,100791.086,100777.89,100752.29,100778.29,100925.086,100896.29,100909.086,100883.086,100915.89,100919.484,100957.484,101008.69,101053.484,101141.89,101236.29,101303.89,101388.29,101453.484,101519.89,101580.69,101618.29,101670.29,101729.89,101779.89,101805.89,101803.086,101777.086,101748.29,101708.29,101651.484,101605.086,101571.086,101545.89,101509.086,101472.69,101427.484,101368.69,101309.086,101247.086,101174.69,101107.086,101055.484,101013.89,100983.89,100921.484,100859.086,100796.69,100756.69,100709.484,100720.69
100696.69,100638.69,100635.086,100646.69,100638.69,100652.69,100619.086,100617.086,100646.29,100690.29,100717.086,100766.29,100803.484,100829.89,100812.69,100835.484,100898.29,100907.484,100912.69,100918.69,100929.89,101024.69,101071.484,101166.69,101256.29,101335.484,101417.086,101495.086,101567.086,101625.89,101678.69,101725.89,101753.086,101748.69,101714.69,101667.484,101626.69,101556.69,101493.086,101455.484,101435.89,101402.29,101368.29,101315.484,101261.086,101185.89,101121.89,101048.29,100975.484,100901.484,100845.086,100777.484,100696.69,100606.29,100516.29,100441.086,100447.086,100473.484
100501.086,100492.69,100485.89,100463.086,100491.89,100459.89,100432.29,100470.69,100527.086,100575.086,100675.086,100721.89,100769.086,100810.69,100849.89,100885.086,100900.69,100904.69,100925.086,100911.89,100880.69,100887.484,100933.484,101015.484,101137.086,101229.484,101314.69,101396.29,101489.086,101560.69,101609.89,101649.086,101688.69,101688.29,101656.69,101605.086,101577.086,101521.89,101445.89,101346.69,101294.69,101287.484,101262.69,101217.89,101162.29,101091.086,101019.89,100953.086,100856.29,100768.29,100669.89,100567.086,100480.29,100373.89,100265.484,100249.89,100286.29,100359.89
100357.484,100311.89,100345.086,100338.69,100365.89,100361.89,100376.29,100442.69,100495.484,100571.89,100588.69,100594.69,100619.086,100708.69,100795.086,100878.29,100920.69,100955.484,100961.086,100965.89,100937.89,100848.29,100818.69,100857.086,100989.484,101095.89,101205.086,101297.89,101399.086,101479.086,101543.086,101581.086,101616.29,101619.086,101600.29,101562.29,101517.086,101483.89,101415.086,101317.89,101223.89,101190.69,101171.484,101133.484,101078.29,100996.69,100927.086,100847.484,100769.89,100647.086,100521.484,100380.29,100238.69,100134.29,100085.086,100120.69,100193.086,100304.69
100298.69,100279.89,100285.89,100308.69,100346.69,100365.484,100389.89,100447.484,100489.484,100520.69,100526.29,100525.89,100541.89,100598.69,100701.484,100818.29,100908.69,100988.29,101013.086,101023.89,101001.484,100936.29,100850.69,100829.086,100877.484,101015.086,101101.89,101193.484,101306.29,101386.69,101462.29,101519.89,101549.086,101563.484,101547.89,101507.086,101491.086,101449.89,101381.484,101309.086,101210.69,101131.89,101091.89,101047.484,100989.89,100903.086,100817.484,100724.69,100604.29,100471.086,100344.69,100209.484,100058.29,99918.29,99880.69,99991.484,100097.086,100193.484
100288.69,100255.086,100271.484,100311.086,100368.29,100421.89,100420.69,100449.484,100483.484,100497.89,100498.69,100505.086,100529.89,100586.69,100697.484,100782.29,100897.89,100987.484,101069.484,101074.29,101097.484,101009.086,100976.69,100955.086,100914.29,100923.484,101031.89,101108.69,101195.89,101293.086,101377.89,101443.086,101487.89,101500.69,101498.69,101478.69,101455.484,101409.484,101358.69,101284.69,101197.086,101133.086,101048.29,100985.086,100919.086,100827.484,100713.086,100599.086,100471.086,100304.69,100189.484,100092.69,99968.29,99834.29,99799.89,99920.29,100027.89,100125.484
100261.484,100287.086,100304.69,100340.29,100388.29,100434.69,100453.484,100455.484,100473.89,100482.29,100472.69,100472.69,100540.69,100628.29,100707.484,100803.89,100927.89,101008.29,101095.484,101120.29,101133.086,101105.89,101046.69,101014.69,100927.484,100838.69,100940.29,100985.484,101107.484,101183.086,101262.69,101347.484,101424.69,101463.086,101462.29,101454.69,101424.69,101383.89,101338.29,101277.086,101191.484,101119.484,101052.69,100956.29,100867.484,100749.086,100643.484,100519.484,100383.086,100219.086,100105.484,100015.086,99917.89,99832.29,99819.89,99879.086,99964.29,100063.484
100339.89,100332.69,100340.69,100383.89,100429.086,100467.89,100495.484,100493.484,100478.29,100489.484,100499.484,100513.086,100583.484,100666.69,100759.484,100876.69,100947.89,101051.89,101142.69,101172.29,101182.29,101153.89,101119.484,101053.086,100994.29,100943.89,100911.484,100957.89,100981.89,101074.69,101158.29,101231.484,101321.484,101386.69,101425.484,101423.086,101392.29,101364.69,101319.086,101264.69,101189.484,101113.89,101053.484,100962.29,100845.89,100728.29,100614.69,100477.89,100353.086,100224.69,100087.086,99982.69,99913.89,99842.29,99810.69,99791.484,99817.484,99938.29
100385.086,100407.484,100432.69,100481.086,100507.484,100535.89,100546.29,100532.29,100510.29,100519.89,100534.29,100579.484,100646.29,100705.89,100809.484,100915.484,101031.086,101129.89,101197.89,101224.29,101241.086,101217.484,101148.69,101126.29,101063.086,100994.29,100913.89,100844.69,100805.086,100865.484,101005.086,101097.484,101220.69,101295.89,101371.086,101401.086,101376.29,101345.89,101307.086,101269.484,101214.69,101139.086,101066.29,100985.89,100869.086,100741.484,100630.29,100473.89,100346.29,100225.086,100084.69,99963.484,99869.086,99779.89,99687.484,99615.086,99669.89,99790.29
100449.89,100486.29,100518.69,100552.69,100572.69,100576.69,100559.086,100567.89,100543.89,100536.69,100603.89,100666.69,100721.89,100787.484,100891.89,100990.29,101125.484,101206.29,101237.086,101255.89,101269.89,101275.89,101232.69,101171.086,101116.69,101048.69,100941.484,100765.086,100644.69,100661.484,100827.484,100982.69,101137.086,101233.89,101340.29,101399.086,101363.89,101377.89,101323.484,101281.89,101222.29,101180.29,101111.89,101002.69,100900.29,100759.086,100636.69,100490.29,100349.086,100217.086,100083.89,99955.89,99833.484,99720.29,99547.484,99463.086,99570.29,99747.89
100557.086,100568.29,100583.89,100603.89,100622.29,100607.484,100596.69,100569.484,100588.29,100627.484,100660.29,100767.484,100867.086,100954.69,101043.89,101139.89,101230.29,101286.69,101323.89,101320.29,101313.086,101312.29,101279.484,101229.89,101156.69,101112.69,101011.484,100892.69,100791.484,100727.484,100790.69,100954.29,101087.484,101203.484,101298.29,101400.29,101391.086,101391.484,101351.484,101307.89,101261.89,101200.29,101160.29,101067.89,100947.484,100817.484,100664.69,100520.69,100366.29,100213.89,100097.89,99981.89,99871.484,99747.086,99590.69,99457.086,99595.086,99818.29
