demo/data/weather/current/current-precipitation_rate-isobaric-1000hPa-gfs-1.0.json
{"header": {"discipline":0,"disciplineName":"Meteorological products","gribEdition":2,"gribLength":50115,"center":7,"centerName":"US National Weather Service - NCEP(WMC)","subcenter":0,"refTime":"2023-06-08T06:00:00.000Z","significanceOfRT":1,"significanceOfRTName":"Start of forecast","productStatus":0,"productStatusName":"Operational products","productType":1,"productTypeName":"Forecast products","productDefinitionTemplate":0,"productDefinitionTemplateName":"Analysis\/forecast at horizontal level\/layer at a point in time","parameterCategory":1,"parameterCategoryName":"Moisture","parameterNumber":7,"parameterNumberName":"Precipitation_rate","parameterUnit":"kg.m-2.s-1","genProcessType":2,"genProcessTypeName":"Forecast","forecastTime":0,"surface1Type":1,"surface1TypeName":"Ground or water surface","surface1Value":0,"surface2Type":255,"surface2TypeName":"Missing","surface2Value":0,"gridDefinitionTemplate":0,"gridDefinitionTemplateName":"Latitude_Longitude","numberPoints":65160,"shape":6,"shapeName":"Earth spherical with radius of 6,371,229.0 m","gridUnits":"degrees","resolution":48,"winds":"true","scanMode":0,"nx":360,"ny":181,"basicAngle":0,"lo1":0,"la1":90,"lo2":359,"la2":-90,"dx":1,"dy":1}, "data":
[rows 34 to 67 of 181, columns 156 to 233 of 360]
0,0,4E-6,4E-6,3.2E-6,3.2E-6,8E-7,0,0,8E-7,0,0,0,8E-7,2.4E-6,2.16E-5,2.96E-5,2.48E-5,5.6E-6,4.8E-6,2.08E-5,4.8E-6,2.4E-6,8E-7,4.8E-6,2.4E-6,8E-7,2.4E-6,3.2E-6,2.4E-6,6.4E-6,1.12E-5,7.2E-6,1.52E-5,1.2E-5,1.12E-5,1.6E-5,1.6E-6,9.6E-6,1.6E-6,0,1.6E-6,8E-7,3.2E-6,3.2E-5,0.0001128,0.0002032,0.0001984,0.00014,3.76E-5,2.16E-5,1.12E-5,2.88E-5,5.2E-5,0.0001064,0.0001016,4E-5,9.6E-6,1.36E-5,8.8E-6,9.6E-6,5.92E-5,9.04E-5,0.0003296,9.68E-5,4E-6,0,0,0,0,0,0,0,0,0,0,0,0
0,4.8E-6,5.6E-6,3.2E-6,8E-6,8E-7,0,0,0,0,8E-7,8E-7,2.4E-6,3.2E-6,1.28E-5,5.68E-5,4.88E-5,1.84E-5,1.92E-5,2.88E-5,3.68E-5,9.6E-6,6.4E-6,2.4E-6,4.8E-6,4.8E-6,4.8E-6,1.44E-5,1.44E-5,1.44E-5,8E-6,1.52E-5,1.6E-5,2.8E-5,4.4E-5,4.32E-5,3.04E-5,1.76E-5,8.8E-6,1.52E-5,2.56E-5,1.52E-5,1.52E-5,1.28E-5,9.6E-6,8E-6,8E-6,2.72E-5,8.72E-5,9.84E-5,6.56E-5,4.4E-5,5.76E-5,6.32E-5,2.64E-5,2.64E-5,8E-6,8E-7,8E-7,1.6E-6,4.8E-6,1.52E-5,5.44E-5,0.000136,8.4E-5,9.6E-6,0,0,0,0,0,0,0,0,0,0,0,0
0,4.8E-6,2.4E-6,7.2E-6,1.6E-6,0,0,0,0,0,0,0,5.6E-6,1.6E-6,5.6E-6,9.6E-6,1.44E-5,2.48E-5,1.52E-5,2.32E-5,2.56E-5,3.2E-5,3.2E-5,2.56E-5,0,3.2E-6,7.2E-6,1.28E-5,1.28E-5,2.16E-5,1.12E-5,1.04E-5,6.4E-6,3.2E-6,1.6E-5,2.96E-5,3.52E-5,9.6E-5,2E-5,4.32E-5,2.96E-5,1.92E-5,2.08E-5,7.2E-6,2.08E-5,3.84E-5,1.68E-5,4E-6,0,8E-7,4E-6,1.2E-5,1.12E-5,1.12E-5,8E-6,7.2E-6,1.12E-5,1.52E-5,9.6E-6,2.4E-6,0,1.68E-5,2.96E-5,2.64E-5,1.44E-5,3.44E-5,0,0,0,0,0,0,0,0,0,0,0,0
0,4.8E-6,2.4E-6,8E-7,0,0,0,0,0,0,0,5.6E-6,4.8E-6,8.8E-6,4E-6,1.28E-5,1.52E-5,2.8E-5,8E-6,6.4E-6,1.2E-5,3.36E-5,3.04E-5,1.76E-5,1.6E-6,2.4E-6,8.8E-6,8E-6,1.12E-5,1.04E-5,3.2E-6,7.2E-6,4E-6,4E-6,4.8E-6,8.8E-6,1.12E-5,1.04E-5,7.12E-5,6.72E-5,6E-5,3.84E-5,2.16E-5,1.12E-5,3.2E-6,1.36E-5,5.6E-6,2E-5,2.4E-5,8E-7,1.6E-6,8E-7,8E-7,8E-7,0,1.6E-6,4.8E-6,8E-6,1.12E-5,8E-6,0,8E-7,2.4E-6,3.84E-5,2.32E-5,5.36E-5,9.6E-6,0,8E-7,0,0,0,0,0,0,0,0,0
0,8E-7,1.6E-6,0,0,0,0,0,0,8E-7,0,1.2E-5,1.52E-5,4.8E-6,8.8E-6,9.6E-6,1.2E-5,5.6E-6,8.8E-6,1.12E-5,1.36E-5,2.8E-5,4.56E-5,4.64E-5,2.24E-5,1.6E-6,5.6E-6,4E-6,8E-6,1.12E-5,9.6E-6,1.36E-5,7.2E-6,2.64E-5,1.68E-5,2.88E-5,1.12E-5,1.68E-5,1.92E-5,1.84E-5,5.36E-5,8.8E-5,6.56E-5,2.4E-5,4E-6,1.44E-5,8.8E-6,3.2E-6,3.2E-6,1.92E-5,8.8E-6,5.6E-6,6.4E-6,0,0,0,0,3.2E-6,1.2E-5,1.52E-5,1.28E-5,1.44E-5,1.6E-6,3.36E-5,4.48E-5,6.48E-5,8.16E-5,3.52E-5,0.000116,1.92E-5,0,0,0,0,0,0,0,0
0,0,0,0,0,0,0,0,0,0,0,8E-7,4.8E-6,8E-7,8.8E-6,1.12E-5,7.2E-6,6.4E-6,1.6E-5,2.08E-5,2.24E-5,2.8E-5,4.4E-5,5.84E-5,6.48E-5,3.92E-5,3.84E-5,6.4E-6,6.4E-6,5.6E-6,5.6E-6,1.12E-5,1.6E-5,3.28E-5,1.12E-5,4.56E-5,4.56E-5,4.16E-5,2.64E-5,1.68E-5,1.92E-5,1.6E-5,1.28E-5,3.68E-5,9.6E-6,4.8E-6,7.2E-6,3.2E-6,1.6E-6,9.6E-6,2.4E-6,8E-7,3.2E-6,4.8E-6,3.2E-6,1.6E-6,0,0,0,2.4E-6,7.2E-6,1.44E-5,1.44E-5,8E-7,9.6E-6,0.0001024,8.24E-5,0.0001024,0.0002136,0.0002352,5.6E-6,0,0,0,0,0,0,0
0,0,0,0,0,0,0,0,0,0,0,8E-7,4.8E-6,1.04E-5,2.16E-5,4.8E-6,1.36E-5,8.8E-6,8.8E-6,1.04E-5,1.68E-5,2.08E-5,1.76E-5,2.08E-5,3.12E-5,5.68E-5,6.56E-5,5.92E-5,8.8E-6,2.88E-5,9.6E-6,8E-6,1.36E-5,1.52E-5,2E-5,2E-5,5.76E-5,5.28E-5,2.16E-5,3.28E-5,2.72E-5,1.28E-5,3.2E-5,3.04E-5,2.64E-5,1.44E-5,6.4E-6,4E-6,4E-6,1.6E-6,1.6E-6,3.2E-6,9.6E-6,8E-7,5.6E-6,3.2E-6,6.4E-6,4.8E-6,0,0,8E-7,2.4E-6,1.04E-5,6.4E-6,8E-7,4.8E-5,1.12E-5,2.96E-5,0.0001496,0.00032,3.52E-5,0,0,0,0,0,0,0
0,0,0,0,0,0,0,0,0,0,0,0,1.6E-6,8E-6,5.6E-6,9.6E-6,4.8E-6,1.04E-5,4.8E-6,9.6E-6,2.88E-5,2E-5,2.16E-5,2.48E-5,7.2E-6,2.4E-5,2.8E-5,1.6E-5,7.2E-6,1.68E-5,8E-6,1.04E-5,7.2E-6,1.04E-5,2.24E-5,1.36E-5,3.2E-5,6.08E-5,5.36E-5,4.64E-5,7.12E-5,3.12E-5,2.24E-5,2.56E-5,1.52E-5,1.28E-5,2.4E-5,1.28E-5,8.8E-6,5.6E-6,1.68E-5,2.4E-5,5.6E-5,1.6E-6,4E-6,8E-6,1.36E-5,4E-6,0,0,0,1.6E-6,1.04E-5,1.04E-5,1.6E-6,1.28E-5,1.84E-5,7.2E-6,3.92E-5,0.0001488,3.28E-5,0,0,0,0,0,0,0
0,0,0,0,0,0,0,0,0,0,0,0,0,0,4.8E-6,4.8E-6,3.2E-6,8.8E-6,7.2E-6,5.6E-6,9.6E-6,5.6E-6,4E-6,1.04E-5,1.04E-5,5.6E-6,4.8E-6,7.2E-6,1.04E-5,9.6E-6,1.12E-5,1.12E-5,1.12E-5,1.12E-5,1.12E-5,8E-6,2.32E-5,4.48E-5,5.6E-6,2.72E-5,5.84E-5,4.8E-5,4.56E-5,2.48E-5,1.04E-5,1.52E-5,1.6E-5,9.6E-6,1.6E-5,1.92E-5,2.24E-5,1.36E-5,1.68E-5,2.64E-5,2.48E-5,9.6E-6,7.2E-6,0,0,0,0,0,1.04E-5,1.12E-5,7.2E-6,0,1.92E-5,2.24E-5,3.36E-5,1.52E-5,1.36E-5,0,0,0,0,0,0,0
0,0,0,0,0,0,0,0,0,0,0,0,0,0,0,8E-7,8E-7,0,8E-7,8E-7,3.2E-6,8E-6,7.2E-6,1.12E-5,1.04E-5,4E-6,5.6E-6,8.8E-6,7.2E-6,4.8E-6,4E-6,5.6E-6,7.2E-6,8E-6,7.2E-6,1.04E-5,2.08E-5,3.28E-5,2.08E-5,8E-7,1.44E-5,4E-5,3.52E-5,8.8E-6,7.2E-6,9.6E-6,5.6E-6,4E-6,1.2E-5,8.8E-6,2.4E-6,6.4E-6,1.12E-5,5.92E-5,5.6E-6,2.4E-6,0,1.6E-6,1.04E-5,8E-7,0,2.4E-6,1.6E-5,6.4E-6,1.44E-5,1.6E-6,2.4E-6,1.52E-5,3.2E-5,1.84E-5,1.04E-5,3.2E-6,0,0,0,0,0,0
1.6E-6,2.4E-6,0,0,0,0,0,0,0,0,0,0,0,0,0,0,0,0,0,0,8E-7,8E-7,8E-7,1.6E-6,4.8E-6,8.8E-6,9.6E-6,1.28E-5,1.12E-5,7.2E-6,4.8E-6,6.4E-6,6.4E-6,8.8E-6,1.04E-5,2.24E-5,7.2E-6,1.6E-5,2.24E-5,2.08E-5,2.8E-5,2.4E-5,1.12E-5,8.8E-6,1.04E-5,4.8E-6,0,8E-7,1.28E-5,4.8E-6,1.6E-5,5.84E-5,6.4E-6,1.6E-6,0,0,0,3.2E-6,1.44E-5,6.4E-6,0,3.2E-6,8E-6,6.4E-6,2.08E-5,0,0,8E-7,1.92E-5,4.96E-5,3.2E-6,1.6E-6,0,0,0,0,0,0
2.4E-6,6.4E-6,3.2E-6,8E-6,6.4E-6,7.2E-6,1.76E-5,0.0001008,0.0001712,2.16E-5,2.4E-6,2.4E-6,0,0,0,0,0,0,0,0,2.4E-6,4E-6,5.6E-6,6.4E-6,8E-6,5.6E-6,2.4E-6,4E-6,8E-6,6.4E-6,5.6E-6,9.6E-6,1.04E-5,1.68E-5,1.6E-5,1.52E-5,1.44E-5,1.68E-5,2E-5,2E-5,2.24E-5,1.76E-5,1.2E-5,9.6E-6,2.4E-6,0,0,8E-6,9.6E-6,2.24E-5,6.8E-5,1.04E-5,4E-6,0,0,0,0,6.4E-6,1.04E-5,7.2E-6,1.12E-5,1.76E-5,7.2E-6,1.36E-5,2.08E-5,9.6E-6,3.2E-6,4E-6,2.8E-5,5.52E-5,0.0001688,2.48E-5,2.4E-6,0,0,0,0,0
2.4E-6,3.2E-6,2.4E-6,1.6E-6,2.4E-6,8E-6,2.4E-6,1.68E-5,4.4E-5,4.08E-5,2.56E-5,0,0,0,0,0,0,0,0,0,1.6E-6,3.2E-6,2.4E-6,4E-6,8E-6,9.6E-6,1.2E-5,1.36E-5,1.36E-5,1.04E-5,1.44E-5,1.44E-5,1.44E-5,1.92E-5,1.92E-5,2.24E-5,2.24E-5,2.08E-5,1.68E-5,1.04E-5,3.2E-6,8E-7,0,8E-7,0,0,0,4E-6,8.8E-5,7.04E-5,7.2E-6,0,0,0,0,1.6E-6,5.6E-6,8E-6,6.4E-6,7.2E-6,1.2E-5,7.2E-6,3.2E-6,1.2E-5,2.16E-5,9.6E-6,5.6E-6,4.8E-6,0.0002032,0.0002712,0.0001456,8.08E-5,8E-7,0,0,0,0,0
0,0,0,8E-7,2.4E-6,2.72E-5,9.36E-5,9.68E-5,0.0002528,0.0002128,0.0003616,0.00034,7.2E-6,0,0,0,0,0,0,0,0,0,0,0,1.6E-6,1.6E-6,2.4E-6,4E-6,4E-6,5.6E-6,5.6E-6,6.4E-6,7.2E-6,6.4E-6,5.6E-6,3.2E-6,3.2E-6,1.6E-6,0,0,0,0,0,0,0,8E-7,1.6E-6,3.2E-5,6.24E-5,0,0,0,0,0,0,5.6E-6,6.4E-6,4E-6,4E-6,8.8E-6,4E-6,4E-6,1.52E-5,2.72E-5,2.16E-5,5.6E-6,1.12E-5,4.72E-5,0.0004432,0.0001784,0.0001072,1.84E-5,0,0,0,0,0,0
0,8E-7,1.28E-5,9.6E-6,3.04E-5,0.0001128,0.0001992,0.0003432,0.00056,0.000352,0.0006144,8.16E-5,1.6E-6,0,0,0,0,0,0,0,0,0,0,0,0,0,0,0,0,8E-7,8E-7,8E-7,0,0,8E-7,8E-7,1.6E-6,0,0,0,8E-7,2.4E-6,1.6E-6,0,0,0,1.6E-6,3.2E-6,0,0,0,0,0,0,8E-7,4.8E-6,7.2E-6,8.8E-6,6.4E-6,3.2E-6,8E-6,1.28E-5,1.28E-5,2.24E-5,8.8E-6,1.92E-5,1.2E-5,8.4E-5,0.0005336,0.0003,3.84E-5,8E-7,0,0,0,0,0,0
8.8E-6,7.68E-5,0.0001416,0.0003056,0.0002168,8.16E-5,0.0001336,0.0002944,0.0003768,0.0002312,0.000176,1.44E-5,8E-7,0,0,0,0,0,0,0,0,0,0,0,0,0,0,8E-7,8E-7,0,0,0,0,0,0,0,0,0,0,2.4E-6,1.84E-5,1.44E-5,1.6E-6,0,0,8E-7,8E-7,0,1.6E-6,0,0,0,0,0,0,6.4E-6,6.4E-6,4E-6,3.2E-6,7.2E-6,1.36E-5,2.4E-5,1.76E-5,1.12E-5,1.44E-5,6.4E-6,5.44E-5,0.0003448,0.0003912,0.0001896,4E-6,0,0,0,0,0,0,5.6E-6
7.2E-6,3.2E-5,2.32E-5,1.6E-5,3.76E-5,0.0002472,0.0001864,1.52E-5,2.4E-6,4E-6,3.2E-6,0,0,0,0,0,0,0,0,0,0,0,8E-7,0,0,0,0,0,8E-7,2.4E-6,8E-7,0,8E-7,0,0,0,0,0,0,2.4E-6,1.44E-5,3.12E-5,3.2E-6,0,0,0,0,8E-7,4.8E-6,0,0,0,8E-7,4E-6,8E-7,2.4E-6,4.8E-6,6.4E-6,1.04E-5,1.52E-5,1.28E-5,9.6E-6,4E-6,4E-6,3.2E-6,8E-7,4.8E-5,0.000364,0.0004088,6.72E-5,0,0,0,0,0,0,0,4E-6
8E-7,7.2E-6,7.92E-5,9.92E-5,0.0002336,0.000392,0.000192,5.6E-5,8.8E-6,0,1.6E-6,3.2E-6,2.4E-6,0,2.4E-6,1.6E-6,0,8E-7,2.4E-6,4E-6,4.4E-5,4.4E-5,0.0001024,0.0001424,0.000156,7.76E-5,0.0001008,9.76E-5,0.0001264,0.0001248,0.0001096,0.0001136,0.0002584,0.0001336,4.24E-5,8E-6,8E-7,0,0,8E-7,0,0,0,0,0,0,2.4E-6,1.76E-5,1.68E-5,2.4E-6,4E-6,4.8E-6,0,4E-6,2.4E-6,1.6E-6,7.2E-6,8.8E-6,1.04E-5,1.04E-5,5.6E-6,3.2E-6,3.2E-6,8E-7,1.6E-6,8E-7,3.76E-5,0.0005208,0.0002336,0,0,0,0,0,0,0,0,0
2.4E-6,1.04E-5,5.76E-5,8.32E-5,0.0001504,0.0002176,0.000156,0.0005448,1.44E-5,8.8E-6,2.4E-6,1.6E-6,7.2E-6,8E-7,1.6E-6,4E-6,1.6E-6,1.04E-5,3.12E-5,3.04E-5,0.0001192,0.0004024,0.0006968,0.000988,0.0003936,0.0003016,0.0001848,0.0002552,0.0003616,0.000324,0.0003848,0.0003736,0.0003104,0.0001728,9.52E-5,3.04E-5,2E-5,4.8E-6,0,0,0,0,0,0,0,0,0,1.28E-5,1.12E-5,8E-7,1.6E-6,8E-7,8E-7,2.4E-6,1.2E-5,6.4E-6,3.2E-6,4E-6,5.6E-6,5.6E-6,4.8E-6,1.6E-6,8E-7,2.4E-6,0,6.16E-5,0.000156,0.0001904,1.6E-6,0,0,0,0,0,0,0,0,0
1.36E-5,4E-6,2.4E-6,7.6E-5,0.0001304,7.2E-5,2.32E-5,0.0001664,0.000884,9.36E-5,5.6E-6,1.6E-6,4.24E-5,8E-7,4E-6,8.8E-6,3.92E-5,3.04E-5,4.08E-5,2.56E-5,7.68E-5,7.12E-5,2.16E-5,1.92E-5,2.56E-5,1.2E-5,3.6E-5,8.72E-5,8E-5,0.0001104,6.72E-5,2.72E-5,8.96E-5,6.08E-5,3.36E-5,2.4E-5,3.44E-5,1.6E-5,0,0,0,0,0,0,0,8E-7,1.52E-5,1.44E-5,1.28E-5,5.6E-6,7.2E-6,3.2E-6,4E-6,8E-7,1.6E-6,3.2E-6,2.4E-6,8E-7,8E-7,8E-7,8E-7,1.6E-6,7.2E-6,8E-6,1.04E-5,6.16E-5,0.0001616,1.84E-5,0,0,0,0,0,0,0,0,0,0
8E-7,0,0,0,0,8E-7,3.2E-6,9.52E-5,0.0010136,0.0003176,2.16E-5,0.0001144,0.0002496,0.0001216,3.2E-6,0,0,0,0,0,0,0,0,0,0,8E-7,2.4E-6,4.8E-6,1.04E-5,9.6E-6,3.28E-5,2.64E-5,8.16E-5,1.68E-5,2.4E-6,0,8E-7,8E-7,0,1.6E-6,4.8E-6,0,0,0,8E-7,1.2E-5,1.28E-5,3.2E-6,7.2E-6,6.4E-6,7.2E-6,8E-7,8E-7,8E-7,8E-7,8E-7,8E-7,8E-7,8E-7,2.4E-6,4E-6,8E-7,0.0001152,0.0002568,4.32E-5,5.52E-5,3.2E-6,0,0,0,0,0,0,0,0,0,0,0
0,0,0,0,0,0,2.4E-6,1.6E-5,3.2E-5,2.24E-5,1.44E-5,0.0001088,1.92E-5,0,8E-7,0,0,0,0,0,0,0,0,0,0,8E-7,0,0,0,0,0,0,0,8E-7,8E-7,8E-7,0,0,0,3.2E-6,1.68E-5,1.28E-5,5.6E-6,7.2E-6,1.68E-5,4.8E-6,2.4E-6,1.6E-6,1.6E-6,8E-7,8E-7,0,8E-7,8E-7,0,8E-7,0,2.4E-6,6.4E-6,4E-6,4.8E-6,1.76E-5,0.0001072,9.6E-6,8E-6,1.6E-6,0,0,0,0,0,0,0,0,0,0,0,4.8E-6
0,0,0,0,0,0,0,0,1.6E-6,8E-7,0,0,0,8E-7,0,0,2.4E-6,3.2E-6,0,0,0,0,0,0,0,1.6E-6,2.4E-6,0,0,0,0,2.4E-6,6.4E-6,5.6E-6,4E-6,0,0,0,0,8E-7,5.6E-6,8E-6,1.04E-5,4E-6,8E-7,8E-7,0,0,0,0,0,0,0,0,0,2.4E-6,5.6E-6,1.28E-5,6.4E-6,2.8E-5,5.92E-5,5.6E-5,7.2E-6,0,8E-7,0,0,0,0,0,0,0,0,0,0,0,0,1.12E-5
0,0,8E-7,0,0,0,0,0,0,4E-6,4.72E-5,9.6E-6,0,0,8.8E-6,5.76E-5,6.4E-6,0,3.2E-6,8E-7,0,0,0,0,0,0,0,0,0,0,1.6E-6,5.6E-6,5.6E-6,1.52E-5,8.8E-6,0,0,5.6E-6,2.4E-6,0,0,0,0,8E-7,0,0,0,0,0,0,0,8E-7,4.8E-6,9.6E-6,9.6E-6,1.68E-5,1.04E-5,9.6E-6,2.4E-5,2.4E-5,2.24E-5,3.2E-6,0,0,0,0,0,0,0,0,0,0,0,0,8E-7,8E-7,2.4E-6,1.44E-5
0,0,0,0,8E-7,8E-7,0,0,8E-7,1.6E-6,0,3.2E-6,1.6E-6,4E-6,4.32E-5,8.8E-6,1.6E-6,8E-7,8E-7,0,0,0,0,0,0,0,0,0,0,0,0,5.6E-6,2.4E-6,0,0,0,0,0,0,0,0,0,0,0,0,0,0,0,0,3.2E-6,9.6E-6,9.6E-6,1.76E-5,1.04E-5,6.4E-6,1.6E-6,4.8E-6,1.92E-5,4.24E-5,1.04E-5,1.28E-5,0,0,0,0,0,0,0,0,8E-7,8E-7,0,0,1.6E-6,1.6E-6,8E-7,2.4E-6,7.2E-6
0,0,1.6E-6,8E-6,2.4E-6,3.2E-6,0,3.2E-6,0,2.4E-6,2.4E-6,1.6E-6,0,3.2E-6,0,0,2.4E-6,2.4E-6,4E-6,0,0,0,0,0,0,0,0,8E-7,0,8E-7,1.6E-6,1.6E-6,8E-7,0,0,0,0,0,0,0,0,0,0,0,0,0,0,0,8E-6,5.6E-6,1.04E-5,1.76E-5,2.24E-5,1.28E-5,1.6E-5,1.84E-5,1.04E-5,1.52E-5,5.6E-6,2.4E-6,0,0,0,0,0,0,0,0,1.6E-6,8E-7,0,0,8E-7,2.4E-6,1.6E-6,8E-7,3.2E-6,2.4E-6
0,8E-7,8E-7,1.04E-5,0,0,6.4E-6,3.52E-5,1.6E-5,8E-6,8E-7,8E-7,6.4E-6,2.4E-6,3.2E-6,0,0,8E-7,0,0,0,0,0,0,0,2.4E-6,5.6E-6,2.4E-6,4.8E-6,6.4E-6,6.4E-6,1.6E-6,0,0,0,0,0,0,0,0,8E-7,0,0,0,0,8E-7,1.6E-6,8E-7,4E-6,8E-6,5.6E-6,5.6E-6,0,5.68E-5,4E-5,1.04E-5,0,3.2E-6,5.6E-6,0,0,0,0,0,0,0,0,8E-7,8E-7,8E-7,8E-7,8E-7,1.6E-6,1.6E-6,1.6E-6,2.4E-6,2.4E-6,1.6E-6
8E-7,8E-7,2.4E-6,0,8.8E-6,8E-7,8E-7,1.52E-5,3.04E-5,4E-6,0,0,8E-7,8E-7,0,8E-7,8E-7,5.6E-6,1.6E-6,0,0,8E-7,8E-7,0,8E-7,3.2E-6,1.6E-6,2.4E-6,8E-7,8E-7,8E-7,0,0,0,0,0,0,0,0,8E-7,4.8E-6,8E-7,1.6E-6,2.4E-6,3.2E-6,3.2E-6,3.2E-6,4E-6,1.12E-5,1.28E-5,9.6E-6,1.28E-5,1.12E-5,9.6E-6,0,8E-7,3.76E-5,5.6E-6,0,0,0,0,0,0,0,0,1.6E-6,8E-7,1.6E-6,3.2E-6,1.6E-6,1.6E-6,8E-7,8E-7,2.4E-6,1.6E-6,2.4E-6,3.2E-6
1.04E-5,2.4E-6,5.6E-6,8E-7,8E-7,0,0,2.4E-6,2.4E-5,4E-6,3.68E-5,3.84E-5,3.2E-6,9.6E-6,8E-7,1.6E-6,5.6E-6,4.8E-6,4E-6,8E-7,1.6E-6,8E-7,8E-7,0,7.2E-6,9.6E-6,3.2E-6,0,0,0,0,0,0,0,0,0,0,0,0,1.6E-6,0,7.2E-6,1.44E-5,1.2E-5,8.8E-6,6.4E-6,5.6E-6,7.2E-6,6.4E-6,0,1.84E-5,8E-7,0,0,0,0,1.04E-5,0,0,0,0,0,0,0,0,8E-7,8E-7,1.6E-6,3.2E-6,2.4E-6,1.6E-6,1.6E-6,1.6E-6,1.6E-6,1.6E-6,2.4E-6,2.4E-6,3.2E-6
5.6E-6,0,4E-6,2.4E-6,2.8E-5,1.6E-6,3.2E-6,2.4E-6,0,1.12E-5,2.8E-5,2.4E-6,1.44E-5,1.6E-5,5.6E-6,2.4E-6,1.6E-6,1.6E-6,2.4E-6,1.6E-6,0,0,0,0,8E-7,0,0,0,0,0,0,0,0,1.6E-6,2.4E-6,0,8E-7,8E-7,2.4E-6,0,1.6E-6,1.6E-6,8.8E-6,1.28E-5,1.6E-5,1.36E-5,7.2E-6,8E-7,4.8E-6,2.32E-5,4E-6,0,0,0,0,8E-7,0,0,0,0,0,0,8E-7,1.6E-6,2.4E-6,2.4E-6,1.6E-6,3.2E-6,2.4E-6,1.6E-6,2.4E-6,1.6E-6,3.2E-6,2.4E-6,2.4E-6,3.2E-6,1.6E-6,2.4E-6
8E-7,0,1.6E-6,1.6E-6,4.56E-5,4.96E-5,0,8E-7,2.4E-6,8E-7,2.4E-6,4.08E-5,1.12E-5,2.4E-6,0,0,0,0,8E-7,0,0,8E-7,1.6E-6,3.2E-6,1.6E-6,3.2E-6,8E-7,8E-7,2.4E-6,4.8E-6,2.4E-6,7.2E-6,1.12E-5,6.4E-6,4E-6,0,0,0,8E-7,0,8E-7,8E-7,0,0,0,3.2E-6,7.2E-6,4.8E-6,0,0,0,0,0,0,0,4E-6,0,0,0,0,0,8E-7,6.4E-6,2.4E-6,2.4E-6,3.2E-6,4.8E-6,4.8E-6,1.2E-5,9.6E-6,4E-6,2.4E-6,3.2E-6,6.4E-6,4.8E-6,1.6E-6,8E-7,1.6E-6
3.84E-5,3.92E-5,4E-6,4.8E-5,0.0001272,3.44E-5,6.4E-6,1.28E-5,4E-6,0,1.2E-5,4.48E-5,2.4E-6,0,0,0,0,0,1.6E-6,5.6E-6,8E-6,5.6E-6,4.8E-6,8E-7,1.36E-5,1.92E-5,9.6E-6,6.4E-6,3.2E-6,6.4E-6,3.2E-6,8E-7,0,8E-7,1.84E-5,1.44E-5,1.6E-6,4.8E-6,1.36E-5,1.2E-5,2.24E-5,2.72E-5,2.88E-5,1.44E-5,8.8E-6,2.4E-6,0,0,0,0,0,1.6E-6,8E-7,4.8E-6,2.4E-6,3.2E-6,0,0,0,8E-7,1.6E-6,7.2E-6,7.2E-6,2.4E-6,2.4E-6,4E-6,1.6E-6,6.4E-6,7.2E-6,4.8E-6,8E-7,2.4E-6,3.2E-6,1.6E-6,8E-7,8E-7,8E-7,0
0.0001176,5.6E-5,2E-5,0.0001056,4.8E-6,1.6E-6,0.0001176,2.64E-5,2.4E-6,0,2.32E-5,1.28E-5,0,0,0,0,0,0,0,0,1.04E-5,1.92E-5,2.8E-5,2.08E-5,2.8E-5,8E-7,8E-7,3.2E-6,8E-7,0,1.12E-5,2.72E-5,5.6E-6,2.32E-5,2.72E-5,1.76E-5,8E-7,8.8E-6,1.04E-5,8E-7,0,1.6E-6,1.6E-6,8E-7,1.6E-6,0,1.6E-6,0,0,4E-6,1.28E-5,2.4E-6,6.4E-6,2.4E-6,0,0,0,0,0,8E-6,1.36E-5,1.04E-5,6.4E-6,3.2E-6,1.2E-5,3.2E-6,5.6E-6,7.2E-6,6.4E-6,4E-6,4E-6,4E-6,2.4E-6,0,0,0,0,0
1.44E-5,2.24E-5,2.72E-5,7.2E-6,3.2E-6,1.6E-6,1.12E-5,2.56E-5,2.4E-6,8E-7,8.8E-6,3.2E-6,0,3.2E-6,0,0,0,0,0,0,4E-6,1.76E-5,1.04E-5,7.2E-6,0,8E-7,3.2E-6,1.04E-5,1.28E-5,4E-6,2.4E-6,1.6E-6,0,0,0,0,2.4E-6,2.32E-5,8.8E-6,3.2E-6,1.68E-5,8E-7,0,0,8E-6,1.44E-5,2.4E-6,8E-7,0,8E-7,2.4E-6,0,0,1.6E-6,0,0,0,0,0,8E-7,1.52E-5,3.2E-6,3.2E-6,3.2E-6,1.04E-5,1.84E-5,1.84E-5,1.44E-5,1.04E-5,1.76E-5,1.76E-5,2.16E-5,1.52E-5,6.4E-6,2.4E-6,2.4E-6,8E-7,0
