demo/data/weather/current/current-mean_sea_level_pressure-surface-level-gfs-1.0.json
{"header": {"discipline":0,"disciplineName":"Meteorological products","gribEdition":2,"gribLength":74631,"center":7,"centerName":"US National Weather Service - NCEP(WMC)","subcenter":0,"refTime":"2023-06-08T06:00:00.000Z","significanceOfRT":1,"significanceOfRTName":"Start of forecast","productStatus":0,"productStatusName":"Operational products","productType":1,"productTypeName":"Forecast products","productDefinitionTemplate":0,"productDefinitionTemplateName":"Analysis\/forecast at horizontal level\/layer at a point in time","parameterCategory":3,"parameterCategoryName":"Mass","parameterNumber":1,"parameterNumberName":"Pressure_reduced_to_MSL","parameterUnit":"Pa","genProcessType":2,"genProcessTypeName":"Forecast","forecastTime":0,"surface1Type":101,"surface1TypeName":"Mean sea level","surface1Value":0,"surface2Type":255,"surface2TypeName":"Missing","surface2Value":0,"gridDefinitionTemplate":0,"gridDefinitionTemplateName":"Latitude_Longitude","numberPoints":65160,"shape":6,"shapeName":"Earth spherical with radius of 6,371,229.0 m","gridUnits":"degrees","resolution":48,"winds":"true","scanMode":0,"nx":360,"ny":181,"basicAngle":0,"lo1":0,"la1":90,"lo2":359,"la2":-90,"dx":1,"dy":1}, "data":
[rows 104 to 129 of 181, columns 174 to 231 of 360]
100988.69,100993.89,101014.69,100995.086,101004.29,100991.086,100969.086,100952.69,100969.89,100979.086,100992.29,101001.484,100995.086,101001.086,100998.29,101030.29,101061.89,101077.086,101077.484,101080.69,101103.086,101140.29,101157.89,101176.29,101197.484,101221.484,101224.69,101232.29,101262.29,101290.29,101327.484,101326.29,101335.484,101377.484,101403.484,101407.484,101422.29,101417.484,101421.89,101429.89,101429.086,101427.484,101415.89,101409.086,101415.484,101402.29,101393.086,101402.69,101411.89,101411.086,101409.484,101409.086,101428.29,101451.484,101468.29,101483.89,101495.086,101505.89
101011.086,101026.69,101050.29,101020.29,101022.29,101021.89,100987.086,101006.69,101004.69,101033.086,101041.484,101053.086,101031.89,101017.89,101045.89,101056.69,101077.086,101097.89,101095.89,101125.89,101180.29,101188.69,101215.484,101251.086,101259.89,101286.69,101290.69,101294.29,101306.29,101335.89,101369.484,101386.29,101401.086,101425.89,101469.484,101484.69,101486.69,101492.29,101501.086,101501.484,101503.89,101518.69,101509.89,101496.29,101477.89,101470.29,101476.69,101460.29,101448.29,101436.69,101441.086,101441.484,101446.69,101469.89,101480.69,101505.086,101508.69,101534.29
101019.086,101012.29,101008.69,101033.484,101054.29,101030.29,101075.086,101059.086,101083.086,101057.086,101087.89,101100.69,101092.29,101082.69,101084.29,101102.69,101101.89,101119.89,101138.29,101193.484,101215.086,101263.086,101287.086,101294.69,101333.484,101342.29,101356.29,101352.69,101372.69,101384.69,101402.69,101430.29,101463.086,101473.484,101513.086,101548.69,101541.89,101557.086,101566.29,101579.484,101585.484,101580.69,101565.086,101555.484,101564.29,101547.086,101527.086,101520.69,101510.69,101491.086,101491.89,101472.69,101483.086,101494.69,101495.484,101502.29,101508.69,101521.086
101055.484,101029.086,101017.086,101013.89,100990.69,101051.484,101037.086,101110.29,101127.484,101145.086,101124.69,101161.484,101181.89,101145.484,101124.69,101104.69,101030.29,101151.484,101193.484,101249.484,101273.484,101315.89,101326.69,101353.89,101357.89,101371.086,101408.69,101422.69,101427.484,101435.89,101472.29,101486.29,101510.69,101527.89,101563.89,101589.086,101612.69,101635.89,101641.89,101642.29,101642.69,101627.89,101631.484,101620.29,101608.69,101592.29,101577.484,101564.69,101551.89,101553.89,101539.484,101547.086,101529.484,101530.29,101533.484,101517.484,101509.89,101503.484
101127.086,101077.086,101037.89,101020.69,101096.69,101031.89,101073.484,101135.086,101157.086,101095.086,101167.086,101195.086,101263.484,101241.484,101181.89,101094.29,101193.89,101237.086,101251.086,101283.89,101332.69,101358.69,101397.086,101391.484,101414.69,101432.29,101461.89,101464.69,101483.89,101504.69,101525.89,101536.69,101557.484,101587.484,101627.484,101658.69,101673.89,101694.69,101698.69,101690.69,101681.89,101679.484,101683.89,101680.69,101673.086,101656.69,101640.29,101606.29,101595.484,101593.086,101569.484,101559.086,101559.484,101553.086,101546.69,101547.086,101535.484,101512.69
101142.29,101105.484,101066.69,101035.086,101021.89,101029.89,101037.086,101106.69,101121.484,101158.69,101200.69,101183.086,101279.484,101332.69,101231.89,101168.69,101210.69,101287.89,101297.89,101343.086,101383.484,101421.484,101463.484,101463.086,101490.69,101482.69,101488.69,101531.086,101555.89,101561.086,101581.086,101577.484,101609.484,101651.086,101703.484,101733.086,101755.484,101751.89,101760.69,101761.086,101756.69,101743.89,101750.29,101744.29,101744.29,101715.484,101690.29,101656.69,101658.29,101627.086,101610.29,101613.484,101609.89,101580.29,101576.69,101562.29,101546.69,101525.484
101159.484,101137.484,101098.29,101049.89,101009.086,100938.29,100994.69,101125.086,101099.89,101186.29,101221.89,101254.29,101279.484,101311.89,101288.29,101207.086,101176.69,101305.89,101299.484,101368.69,101432.69,101467.086,101503.484,101513.086,101534.29,101535.086,101534.29,101563.086,101590.69,101623.484,101629.484,101640.29,101677.484,101717.086,101772.69,101809.086,101806.69,101828.69,101818.69,101832.69,101847.89,101824.29,101798.69,101773.484,101756.69,101743.086,101727.89,101701.484,101704.69,101675.086,101654.29,101640.69,101619.89,101595.086,101579.484,101571.89,101560.69,101524.69
101192.69,101149.086,101132.69,101103.484,101050.69,101021.086,101045.89,101065.086,101080.29,101176.29,101211.89,101176.29,101222.29,101291.484,101302.29,101247.086,101209.086,101243.086,101299.89,101385.89,101457.89,101529.89,101533.484,101527.89,101591.89,101609.89,101589.086,101608.29,101640.69,101669.086,101666.29,101701.484,101748.69,101785.89,101829.89,101885.89,101900.29,101891.484,101887.89,101876.29,101885.086,101891.484,101863.086,101827.086,101818.29,101785.89,101749.89,101750.69,101716.29,101699.484,101691.086,101667.086,101629.484,101598.69,101570.29,101572.29,101557.89,101524.69
101203.086,101175.89,101144.29,101125.484,101087.89,101068.69,101035.086,101031.89,101077.086,101112.29,101187.086,101121.484,101204.69,101317.484,101273.086,101241.484,101266.29,101253.484,101319.484,101354.29,101486.29,101536.29,101612.29,101603.89,101667.484,101643.086,101666.69,101680.69,101706.69,101729.89,101757.484,101794.69,101826.29,101870.69,101922.69,101939.484,101956.29,101943.086,101924.69,101927.086,101924.29,101911.086,101917.086,101897.086,101884.29,101854.29,101813.484,101780.29,101747.89,101728.69,101703.086,101669.89,101616.29,101544.69,101534.69,101502.69,101490.69,101516.69
101223.484,101194.69,101169.484,101139.89,101101.89,101075.89,101069.89,101064.69,101050.29,101116.29,101100.29,101151.89,101178.69,101277.086,101330.29,101379.89,101254.69,101211.484,101329.89,101347.086,101493.89,101496.29,101648.69,101695.086,101761.086,101733.484,101755.086,101764.69,101803.484,101825.484,101886.29,101899.086,101928.69,101970.69,101981.086,102016.29,101994.29,101983.086,101992.69,101977.484,101944.29,101944.69,101943.89,101920.29,101892.29,101889.086,101874.29,101815.89,101782.69,101747.484,101720.29,101676.29,101633.484,101559.89,101514.69,101465.484,101489.89,101477.484
101210.69,101177.89,101152.69,101125.89,101105.89,101078.69,101064.29,101078.29,101094.69,101087.89,101077.086,101092.69,101161.484,101244.69,101247.484,101328.69,101238.29,101332.29,101339.89,101368.29,101486.69,101549.484,101716.69,101755.484,101840.69,101838.69,101825.086,101864.29,101880.29,101895.89,101966.69,101999.086,102021.484,102055.484,102077.086,102080.29,102087.89,102083.89,102058.69,102017.89,101993.484,101973.086,101958.29,101940.69,101914.69,101866.29,101857.484,101821.484,101768.69,101735.086,101692.69,101637.89,101615.086,101638.29,101480.69,101514.69,101481.89,101473.484
101195.89,101157.89,101121.484,101091.086,101081.89,101073.89,101075.484,101058.69,101073.086,101091.086,101101.086,101094.69,101207.484,101150.69,101245.484,101226.69,101281.89,101359.484,101397.484,101414.29,101462.69,101615.086,101715.484,101797.086,101862.69,101934.29,101938.29,101953.484,102015.086,102058.29,102066.69,102108.69,102125.89,102117.89,102134.69,102145.086,102148.69,102131.086,102099.89,102063.89,102039.89,102011.086,101990.69,101945.89,101937.086,101854.69,101806.29,101812.69,101775.086,101724.29,101678.69,101632.29,101630.29,101551.086,101529.89,101476.69,101438.29,101455.086
101197.484,101131.086,101081.086,101039.484,101027.086,101033.086,101049.484,101053.086,101065.89,101081.086,101102.69,101113.89,101140.29,101167.484,101190.29,101222.69,101313.086,101386.29,101429.89,101494.69,101539.086,101640.29,101733.89,101839.484,101915.89,102004.29,102028.29,102034.29,102094.29,102152.69,102192.29,102216.29,102219.086,102187.086,102165.89,102192.69,102141.484,102143.086,102139.086,102086.29,102015.484,102011.484,101961.086,101935.89,101922.69,101873.484,101851.086,101823.484,101770.69,101695.89,101679.89,101640.29,101593.89,101536.69,101490.29,101437.89,101442.69,101432.69
101184.69,101097.89,101023.086,100973.086,100937.89,100954.69,100975.484,101024.69,101041.086,101073.484,101099.89,101143.086,101165.484,101152.69,101158.69,101195.484,101255.086,101317.484,101393.086,101496.29,101576.29,101658.69,101759.484,101897.086,101985.484,102053.89,102103.484,102119.086,102143.086,102212.69,102237.086,102274.69,102283.086,102254.29,102236.29,102235.484,102177.086,102141.484,102115.484,102094.29,102033.484,101991.484,101977.89,101917.086,101868.29,101863.484,101843.086,101797.484,101733.484,101646.29,101643.484,101643.89,101563.89,101512.29,101472.69,101424.69,101400.69,101468.29
101150.29,101049.086,100954.29,100882.29,100849.89,100855.484,100891.484,100942.69,100999.484,101045.484,101074.69,101121.89,101123.89,101136.29,101113.086,101155.484,101222.69,101286.29,101371.89,101493.086,101595.89,101658.69,101832.29,101974.29,102017.89,102110.29,102139.89,102193.89,102213.484,102287.484,102253.484,102275.086,102306.69,102293.086,102247.484,102273.086,102185.086,102124.69,102077.484,102063.086,101977.89,101966.29,101935.086,101868.29,101829.086,101817.086,101817.89,101770.29,101717.484,101667.484,101612.69,101553.89,101539.484,101439.484,101411.086,101337.484,101355.484,101474.69
101117.086,100996.69,100890.29,100813.484,100753.086,100736.29,100790.29,100860.69,100935.086,100994.69,101030.29,101097.89,101116.29,101112.69,101108.29,101092.29,101179.89,101241.89,101342.29,101441.484,101624.29,101779.89,101889.484,102014.29,102095.086,102153.484,102179.89,102221.484,102310.69,102250.29,102365.89,102351.484,102347.086,102323.086,102288.69,102297.086,102215.484,102133.89,102085.89,102034.29,102006.29,101929.086,101910.69,101845.484,101785.484,101760.29,101682.69,101659.086,101605.89,101590.69,101594.29,101554.69,101474.29,101421.086,101302.29,101322.29,101350.29,101494.29
101099.484,100944.69,100823.89,100735.484,100675.086,100643.89,100694.29,100771.086,100865.89,100966.69,101020.69,101069.89,101086.69,101107.89,101106.29,101088.29,101172.29,101127.086,101332.69,101484.69,101635.89,101849.086,101962.69,102044.69,102126.69,102179.086,102231.89,102289.484,102302.69,102339.89,102426.69,102390.69,102395.89,102407.086,102343.89,102247.89,102159.89,102131.484,102047.89,101997.484,101932.29,101881.086,101821.086,101779.89,101710.29,101744.29,101683.89,101627.484,101610.29,101566.29,101535.086,101520.29,101461.484,101341.89,101267.086,101349.484,101418.29,101536.29
101113.086,100943.89,100785.89,100660.29,100604.29,100567.484,100648.69,100753.484,100841.89,100920.69,101015.89,101075.89,101105.484,101117.89,101079.89,101077.89,101166.29,101260.69,101333.89,101483.89,101699.484,101883.086,101998.29,102091.89,102166.29,102210.29,102261.89,102325.484,102352.69,102378.69,102403.086,102421.086,102404.29,102349.89,102264.29,102205.086,102179.89,102087.086,102055.484,101973.086,101881.484,101866.69,101762.29,101676.69,101655.086,101548.69,101581.89,101583.086,101536.69,101479.086,101450.29,101455.89,101400.29,101333.484,101285.484,101328.29,101482.69,101623.086
101161.89,100960.29,100780.69,100584.29,100557.89,100616.29,100671.484,100756.69,100834.69,100919.89,100992.69,101048.29,101080.69,101105.086,101099.89,101106.69,101155.086,101247.89,101341.484,101553.89,101746.69,101889.484,102026.29,102140.29,102237.484,102269.89,102325.484,102356.29,102398.29,102449.89,102437.89,102426.69,102403.086,102304.69,102261.484,102205.89,102079.484,102037.89,101938.69,101867.89,101777.89,101738.69,101677.484,101594.29,101565.89,101478.29,101448.29,101457.484,101438.29,101410.29,101397.484,101398.29,101358.69,101299.484,101287.89,101283.484,101533.086,101675.086
101277.89,101073.89,100853.484,100634.69,100578.29,100675.89,100742.29,100799.89,100883.086,100985.484,101041.086,101073.89,101098.69,101103.89,101067.89,101135.086,101230.29,101461.086,101574.69,101687.484,101825.086,101937.086,102086.69,102211.086,102263.484,102305.484,102342.29,102401.086,102460.29,102473.89,102442.69,102401.086,102382.29,102293.89,102226.69,102132.29,102025.89,101938.69,101853.086,101767.086,101639.484,101585.89,101485.89,101437.086,101452.29,101387.484,101385.89,101351.086,101369.89,101327.484,101333.086,101340.29,101296.69,101264.29,101267.086,101407.89,101571.086,101723.086
101437.484,101277.484,101069.484,100911.484,100832.29,100827.484,100840.29,100878.29,100961.89,101033.484,101087.89,101093.484,101089.89,101131.484,101136.69,101239.484,101358.29,101458.69,101595.086,101821.484,101917.89,102019.89,102156.69,102239.89,102290.29,102363.484,102394.29,102460.69,102495.086,102466.69,102432.29,102381.89,102327.484,102285.484,102175.89,102103.484,102025.086,101860.69,101780.69,101652.69,101489.086,101439.484,101312.69,101273.89,101236.29,101233.086,101267.484,101260.29,101239.89,101227.484,101245.89,101260.29,101244.29,101196.69,101257.086,101480.69,101647.484,101807.89
101633.086,101485.484,101346.69,101206.69,101116.69,101065.086,101033.89,101055.89,101098.69,101144.29,101175.89,101135.89,101098.69,101069.086,101196.29,101301.89,101415.484,101537.086,101681.086,101877.484,101995.89,102091.89,102196.69,102295.89,102351.89,102400.69,102493.484,102537.086,102535.086,102488.29,102419.484,102395.89,102337.89,102243.086,102165.484,102071.89,101978.69,101817.89,101647.89,101486.69,101325.89,101211.89,101137.086,101049.484,101018.29,101020.69,101055.086,101081.484,101096.29,101110.29,101133.484,101175.484,101190.29,101259.484,101286.29,101488.69,101669.086,101842.29
101799.89,101688.69,101575.484,101479.89,101411.89,101356.29,101311.89,101305.89,101317.086,101321.086,101323.484,101299.086,101239.484,101155.086,101341.484,101361.484,101551.89,101644.29,101819.89,101957.086,102091.484,102176.69,102278.69,102319.89,102419.086,102453.086,102536.69,102567.086,102523.086,102486.29,102430.69,102389.086,102317.484,102237.484,102139.484,102010.69,101866.69,101707.086,101509.484,101351.086,101161.484,101055.484,100903.89,100790.29,100757.086,100785.086,100829.484,100904.69,100931.086,100973.086,101022.69,101099.086,101134.69,101162.69,101356.29,101512.29,101716.29,101915.89
101866.29,101855.484,101768.69,101716.29,101669.086,101618.69,101577.89,101556.69,101545.484,101536.29,101516.29,101529.89,101509.484,101529.484,101575.484,101635.086,101786.29,101923.086,102017.086,102045.89,102159.89,102219.484,102308.29,102423.89,102484.69,102500.29,102538.29,102555.89,102519.484,102492.29,102421.484,102395.086,102286.69,102217.89,102051.89,101897.484,101763.484,101590.69,101451.89,101210.29,101018.29,100781.89,100610.29,100457.89,100452.69,100523.086,100596.69,100694.29,100756.69,100819.086,100905.89,100981.484,101039.086,101070.69,101367.89,101599.484,101793.89,101987.89
101984.69,101984.69,101957.484,101917.484,101952.69,101878.29,101821.89,101789.086,101774.69,101773.484,101769.89,101745.086,101743.086,101764.69,101827.89,101847.484,101972.29,102049.484,102119.484,102195.89,102221.484,102279.484,102347.086,102462.29,102513.484,102536.29,102510.29,102540.69,102527.484,102476.29,102478.69,102339.89,102247.086,102122.29,102039.89,101871.484,101680.29,101502.69,101315.086,101100.29,100841.89,100623.89,100236.69,99965.484,100171.89,100269.086,100396.69,100511.89,100600.29,100681.086,100775.89,100829.484,100851.086,101076.29,101372.29,101656.29,101837.89,102045.086
102043.086,102081.89,102150.69,102187.89,102095.89,102042.69,101997.89,101980.29,101977.484,101965.89,101967.484,101971.484,101955.89,101954.69,102008.69,102041.086,102097.89,102138.69,102201.484,102239.484,102284.69,102318.69,102393.086,102467.89,102495.89,102516.29,102520.29,102541.484,102559.89,102523.086,102455.484,102280.69,102198.69,102186.69,102019.89,101821.484,101608.29,101481.89,101208.29,100999.086,100779.89,100557.484,100398.69,100231.484,100184.69,100243.89,100284.69,100366.29,100451.086,100570.69,100627.89,100627.484,100806.69,101019.484,101406.69,101669.086,101885.086,102101.484
